
This summary file was generated by SubDyn v1.00.00b-rrd on 16-Dec-2013 at 11:20:39.

Unless specified, units are consistent with Input units, [SI] system is advised.

    NNodes    Nelems    NProps    NCMass
        12        24         6         0
 
Node No.              X              Y              Z
       1  -0.593900E+01  -0.593900E+01  -0.431270E+02
       2   0.593900E+01  -0.593900E+01  -0.431270E+02
       3   0.593900E+01   0.593900E+01  -0.431270E+02
       4  -0.593900E+01   0.593900E+01  -0.431270E+02
       5  -0.401600E+01  -0.401600E+01   0.156510E+02
       6   0.401600E+01  -0.401600E+01   0.156510E+02
       7   0.401600E+01   0.401600E+01   0.156510E+02
       8  -0.401600E+01   0.401600E+01   0.156510E+02
       9   0.000000E+00  -0.479180E+01  -0.806090E+01
      10   0.479180E+01   0.000000E+00  -0.806090E+01
      11   0.000000E+00   0.479180E+01  -0.806090E+01
      12  -0.479180E+01   0.000000E+00  -0.806090E+01
 
Elem No.    Node_I    Node_J    Prop_I    Prop_J
       1         1         5         2         2
       2         2         6         2         2
       3         3         7         2         2
       4         4         8         2         2
       5         1         9         3         3
       6         9         6         3         3
       7         5         9         3         3
       8         9         2         3         3
       9         2        10         3         3
      10        10         7         3         3
      11         6        10         3         3
      12        10         3         3         3
      13         3        11         3         3
      14        11         8         3         3
      15         7        11         3         3
      16        11         4         3         3
      17         4        12         3         3
      18        12         5         3         3
      19         8        12         3         3
      20        12         1         3         3
      21         5         6         3         3
      22         6         7         3         3
      23         7         8         3         3
      24         8         5         3         3
 
Prop No.         YoungE         ShearG        MatDens          XsecD          XsecT
      1.   0.210000E+12   0.807690E+11   0.785000E+04   0.800000E+00   0.200000E-01
      2.   0.210000E+12   0.807690E+11   0.785000E+04   0.120000E+01   0.500000E-01
      3.   0.210000E+12   0.807690E+11   0.785000E+04   0.120000E+01   0.350000E-01
      4.   0.210000E+12   0.807690E+11   0.785000E+04   0.120000E+01   0.400000E-01
      5.   0.210000E+12   0.807690E+11   0.333912E+04   0.208200E+01   0.491000E+00
      6.   0.210000E+12   0.807690E+11   0.785000E+04   0.208200E+01   0.600000E-01
 
No. of Reaction DOFs:    24
Reaction DOF_ID  LOCK
         1         1
         2         1
         3         1
         4         1
         5         1
         6         1
         7         1
         8         1
         9         1
        10         1
        11         1
        12         1
        13         1
        14         1
        15         1
        16         1
        17         1
        18         1
        19         1
        20         1
        21         1
        22         1
        23         1
        24         1
 
No. of Interface DOFs:    24
Interface DOF ID  LOCK
        25         1
        26         1
        27         1
        28         1
        29         1
        30         1
        31         1
        32         1
        33         1
        34         1
        35         1
        36         1
        37         1
        38         1
        39         1
        40         1
        41         1
        42         1
        43         1
        44         1
        45         1
        46         1
        47         1
        48         1
 
Number of concentrated masses:     0
JointCMass           Mass            JXX            JYY            JZZ

 
Number of members    24
Number of nodes per member:     2
Member ID Joint1_ID Joint2_ID           Mass     Node IDs...
        1         1         5   0.834385E+05        1     5
        2         2         6   0.834385E+05        2     6
        3         3         7   0.834385E+05        3     7
        4         4         8   0.834385E+05        4     8
        5         1         9   0.357823E+05        1     9
        6         9         6   0.241962E+05        9     6
        7         5         9   0.241962E+05        5     9
        8         9         2   0.357823E+05        9     2
        9         2        10   0.357823E+05        2    10
       10        10         7   0.241962E+05       10     7
       11         6        10   0.241962E+05        6    10
       12        10         3   0.357823E+05       10     3
       13         3        11   0.357823E+05        3    11
       14        11         8   0.241962E+05       11     8
       15         7        11   0.241962E+05        7    11
       16        11         4   0.357823E+05       11     4
       17         4        12   0.357823E+05        4    12
       18        12         5   0.241962E+05       12     5
       19         8        12   0.241962E+05        8    12
       20        12         1   0.357823E+05       12     1
       21         5         6   0.807676E+04        5     6
       22         6         7   0.807676E+04        6     7
       23         7         8   0.807676E+04        7     8
       24         8         5   0.807676E+04        8     5
____________________________________________________________________________________________________
Direction Cosine Matrices for all Members: GLOBAL-2-LOCAL. No. of 3x3 matrices=    24
Member ID        DC(1,1)        DC(1,2)        DC(1,3)        DC(2,1)        DC(2,2)        DC(2,3)        DC(3,1)        DC(3,2)        DC(3,3)
        1   0.707107E+00  -0.707107E+00   0.000000E+00   0.706351E+00   0.706351E+00  -0.462184E-01   0.326814E-01   0.326814E-01   0.998931E+00
        2   0.707107E+00   0.707107E+00   0.000000E+00  -0.706351E+00   0.706351E+00  -0.462184E-01  -0.326814E-01   0.326814E-01   0.998931E+00
        3  -0.707107E+00   0.707107E+00   0.000000E+00  -0.706351E+00  -0.706351E+00  -0.462184E-01  -0.326814E-01  -0.326814E-01   0.998931E+00
        4  -0.707107E+00  -0.707107E+00   0.000000E+00   0.706351E+00  -0.706351E+00  -0.462184E-01   0.326814E-01  -0.326814E-01   0.998931E+00
        5   0.189658E+00  -0.981850E+00   0.000000E+00   0.967561E+00   0.186898E+00  -0.169986E+00   0.166901E+00   0.322392E-01   0.985447E+00
        6   0.189671E+00  -0.981848E+00   0.000000E+00   0.967558E+00   0.186910E+00  -0.169987E+00   0.166902E+00   0.322416E-01   0.985446E+00
        7  -0.189671E+00  -0.981848E+00   0.000000E+00  -0.967558E+00   0.186910E+00  -0.169987E+00   0.166902E+00  -0.322416E-01  -0.985446E+00
        8  -0.189658E+00  -0.981850E+00   0.000000E+00  -0.967561E+00   0.186898E+00  -0.169986E+00   0.166901E+00  -0.322392E-01  -0.985447E+00
        9   0.981850E+00   0.189658E+00   0.000000E+00  -0.186898E+00   0.967561E+00  -0.169986E+00  -0.322392E-01   0.166901E+00   0.985447E+00
       10   0.981848E+00   0.189671E+00   0.000000E+00  -0.186910E+00   0.967558E+00  -0.169987E+00  -0.322416E-01   0.166902E+00   0.985446E+00
       11   0.981848E+00  -0.189671E+00   0.000000E+00  -0.186910E+00  -0.967558E+00  -0.169987E+00   0.322416E-01   0.166902E+00  -0.985446E+00
       12   0.981850E+00  -0.189658E+00   0.000000E+00  -0.186898E+00  -0.967561E+00  -0.169986E+00   0.322392E-01   0.166901E+00  -0.985447E+00
       13  -0.189658E+00   0.981850E+00   0.000000E+00  -0.967561E+00  -0.186898E+00  -0.169986E+00  -0.166901E+00  -0.322392E-01   0.985447E+00
       14  -0.189671E+00   0.981848E+00   0.000000E+00  -0.967558E+00  -0.186910E+00  -0.169987E+00  -0.166902E+00  -0.322416E-01   0.985446E+00
       15   0.189671E+00   0.981848E+00   0.000000E+00   0.967558E+00  -0.186910E+00  -0.169987E+00  -0.166902E+00   0.322416E-01  -0.985446E+00
       16   0.189658E+00   0.981850E+00   0.000000E+00   0.967561E+00  -0.186898E+00  -0.169986E+00  -0.166901E+00   0.322392E-01  -0.985447E+00
       17  -0.981850E+00  -0.189658E+00   0.000000E+00   0.186898E+00  -0.967561E+00  -0.169986E+00   0.322392E-01  -0.166901E+00   0.985447E+00
       18  -0.981848E+00  -0.189671E+00   0.000000E+00   0.186910E+00  -0.967558E+00  -0.169987E+00   0.322416E-01  -0.166902E+00   0.985446E+00
       19  -0.981848E+00   0.189671E+00   0.000000E+00   0.186910E+00   0.967558E+00  -0.169987E+00  -0.322416E-01  -0.166902E+00  -0.985446E+00
       20  -0.981850E+00   0.189658E+00   0.000000E+00   0.186898E+00   0.967561E+00  -0.169986E+00  -0.322392E-01  -0.166901E+00  -0.985447E+00
       21   0.000000E+00  -0.100000E+01   0.000000E+00   0.000000E+00   0.000000E+00  -0.100000E+01   0.100000E+01   0.000000E+00   0.000000E+00
       22   0.100000E+01   0.000000E+00   0.000000E+00   0.000000E+00   0.000000E+00  -0.100000E+01   0.000000E+00   0.100000E+01   0.000000E+00
       23   0.000000E+00   0.100000E+01   0.000000E+00   0.000000E+00   0.000000E+00  -0.100000E+01  -0.100000E+01   0.000000E+00   0.000000E+00
       24  -0.100000E+01   0.000000E+00   0.000000E+00   0.000000E+00   0.000000E+00  -0.100000E+01   0.000000E+00  -0.100000E+01   0.000000E+00
____________________________________________________________________________________________________
FULL FEM K and M matrices. TOTAL FEM TDOFs    72
Stiffness matrix K
                             1              2              3              4              5              6              7              8              9             10             11             12             13             14             15             16             17             18             19             20             21             22             23             24             25             26             27             28             29             30             31             32             33             34             35             36             37             38             39             40             41             42             43             44             45             46             47             48             49             50             51             52             53             54             55             56             57             58             59             60             61             62             63             64             65             66             67             68             69             70             71             72
              1   0.252806E+08   0.881067E+07   0.169153E+09   0.500000E+00   0.531720E+08  -0.463149E+07   0.000000E+00   0.000000E+00   0.000000E+00   0.000000E+00   0.000000E+00   0.000000E+00   0.000000E+00   0.000000E+00   0.000000E+00   0.000000E+00   0.000000E+00   0.000000E+00   0.000000E+00   0.000000E+00   0.000000E+00   0.000000E+00   0.000000E+00   0.000000E+00  -0.105724E+07  -0.688192E+06  -0.210351E+08   0.500000E+00   0.108460E+08  -0.354842E+06   0.000000E+00   0.000000E+00   0.000000E+00   0.000000E+00   0.000000E+00   0.000000E+00   0.000000E+00   0.000000E+00   0.000000E+00   0.000000E+00   0.000000E+00   0.000000E+00   0.000000E+00   0.000000E+00   0.000000E+00   0.000000E+00   0.000000E+00   0.000000E+00  -0.222319E+08  -0.406124E+07  -0.124139E+09   0.000000E+00   0.211630E+08  -0.692355E+06   0.000000E+00   0.000000E+00   0.000000E+00   0.000000E+00   0.000000E+00   0.000000E+00   0.000000E+00   0.000000E+00   0.000000E+00   0.000000E+00   0.000000E+00   0.000000E+00  -0.199152E+07  -0.406124E+07  -0.239791E+08   0.000000E+00   0.211630E+08  -0.358429E+07
              2   0.881067E+07   0.252806E+08   0.169153E+09  -0.531720E+08  -0.500000E+00   0.463149E+07   0.000000E+00   0.000000E+00   0.000000E+00   0.000000E+00   0.000000E+00   0.000000E+00   0.000000E+00   0.000000E+00   0.000000E+00   0.000000E+00   0.000000E+00   0.000000E+00   0.000000E+00   0.000000E+00   0.000000E+00   0.000000E+00   0.000000E+00   0.000000E+00  -0.688192E+06  -0.105724E+07  -0.210351E+08  -0.108460E+08  -0.500000E+00   0.354842E+06   0.000000E+00   0.000000E+00   0.000000E+00   0.000000E+00   0.000000E+00   0.000000E+00   0.000000E+00   0.000000E+00   0.000000E+00   0.000000E+00   0.000000E+00   0.000000E+00   0.000000E+00   0.000000E+00   0.000000E+00   0.000000E+00   0.000000E+00   0.000000E+00  -0.406124E+07  -0.199152E+07  -0.239791E+08  -0.211630E+08   0.000000E+00   0.358429E+07   0.000000E+00   0.000000E+00   0.000000E+00   0.000000E+00   0.000000E+00   0.000000E+00   0.000000E+00   0.000000E+00   0.000000E+00   0.000000E+00   0.000000E+00   0.000000E+00  -0.406124E+07  -0.222319E+08  -0.124139E+09  -0.211630E+08   0.000000E+00   0.692355E+06
              3   0.169153E+09   0.169153E+09   0.211166E+10   0.463149E+07  -0.463149E+07   0.000000E+00   0.000000E+00   0.000000E+00   0.000000E+00   0.000000E+00   0.000000E+00   0.000000E+00   0.000000E+00   0.000000E+00   0.000000E+00   0.000000E+00   0.000000E+00   0.000000E+00   0.000000E+00   0.000000E+00   0.000000E+00   0.000000E+00   0.000000E+00   0.000000E+00  -0.210351E+08  -0.210351E+08  -0.643324E+09   0.354842E+06  -0.354842E+06   0.000000E+00   0.000000E+00   0.000000E+00   0.000000E+00   0.000000E+00   0.000000E+00   0.000000E+00   0.000000E+00   0.000000E+00   0.000000E+00   0.000000E+00   0.000000E+00   0.000000E+00   0.000000E+00   0.000000E+00   0.000000E+00   0.000000E+00   0.000000E+00   0.000000E+00  -0.124139E+09  -0.239791E+08  -0.734169E+09   0.692355E+06  -0.358429E+07   0.000000E+00   0.000000E+00   0.000000E+00   0.000000E+00   0.000000E+00   0.000000E+00   0.000000E+00   0.000000E+00   0.000000E+00   0.000000E+00   0.000000E+00   0.000000E+00   0.000000E+00  -0.239791E+08  -0.124139E+09  -0.734169E+09   0.358429E+07  -0.692355E+06   0.000000E+00
              4  -0.500000E+00  -0.531720E+08   0.463149E+07   0.143488E+10  -0.479818E+07  -0.920290E+08   0.000000E+00   0.000000E+00   0.000000E+00   0.000000E+00   0.000000E+00   0.000000E+00   0.000000E+00   0.000000E+00   0.000000E+00   0.000000E+00   0.000000E+00   0.000000E+00   0.000000E+00   0.000000E+00   0.000000E+00   0.000000E+00   0.000000E+00   0.000000E+00   0.500000E+00   0.108460E+08  -0.354842E+06   0.212343E+09  -0.314856E+06  -0.962399E+07   0.000000E+00   0.000000E+00   0.000000E+00   0.000000E+00   0.000000E+00   0.000000E+00   0.000000E+00   0.000000E+00   0.000000E+00   0.000000E+00   0.000000E+00   0.000000E+00   0.000000E+00   0.000000E+00   0.000000E+00   0.000000E+00   0.000000E+00   0.000000E+00   0.000000E+00   0.211630E+08  -0.692355E+06   0.243905E+09  -0.189654E+07  -0.579712E+08   0.000000E+00   0.000000E+00   0.000000E+00   0.000000E+00   0.000000E+00   0.000000E+00   0.000000E+00   0.000000E+00   0.000000E+00   0.000000E+00   0.000000E+00   0.000000E+00   0.000000E+00   0.211630E+08  -0.358429E+07   0.253357E+09  -0.189654E+07  -0.111979E+08
              5   0.531720E+08   0.500000E+00  -0.463149E+07  -0.479818E+07   0.143488E+10  -0.920290E+08   0.000000E+00   0.000000E+00   0.000000E+00   0.000000E+00   0.000000E+00   0.000000E+00   0.000000E+00   0.000000E+00   0.000000E+00   0.000000E+00   0.000000E+00   0.000000E+00   0.000000E+00   0.000000E+00   0.000000E+00   0.000000E+00   0.000000E+00   0.000000E+00  -0.108460E+08  -0.500000E+00   0.354842E+06  -0.314856E+06   0.212343E+09  -0.962399E+07   0.000000E+00   0.000000E+00   0.000000E+00   0.000000E+00   0.000000E+00   0.000000E+00   0.000000E+00   0.000000E+00   0.000000E+00   0.000000E+00   0.000000E+00   0.000000E+00   0.000000E+00   0.000000E+00   0.000000E+00   0.000000E+00   0.000000E+00   0.000000E+00  -0.211630E+08   0.000000E+00   0.358429E+07  -0.189654E+07   0.253357E+09  -0.111979E+08   0.000000E+00   0.000000E+00   0.000000E+00   0.000000E+00   0.000000E+00   0.000000E+00   0.000000E+00   0.000000E+00   0.000000E+00   0.000000E+00   0.000000E+00   0.000000E+00  -0.211630E+08   0.000000E+00   0.692355E+06  -0.189654E+07   0.243905E+09  -0.579712E+08
              6  -0.463149E+07   0.463149E+07   0.000000E+00  -0.920290E+08  -0.920290E+08   0.304157E+09   0.000000E+00   0.000000E+00   0.000000E+00   0.000000E+00   0.000000E+00   0.000000E+00   0.000000E+00   0.000000E+00   0.000000E+00   0.000000E+00   0.000000E+00   0.000000E+00   0.000000E+00   0.000000E+00   0.000000E+00   0.000000E+00   0.000000E+00   0.000000E+00   0.354842E+06  -0.354842E+06   0.000000E+00  -0.962399E+07  -0.962399E+07  -0.815073E+08   0.000000E+00   0.000000E+00   0.000000E+00   0.000000E+00   0.000000E+00   0.000000E+00   0.000000E+00   0.000000E+00   0.000000E+00   0.000000E+00   0.000000E+00   0.000000E+00   0.000000E+00   0.000000E+00   0.000000E+00   0.000000E+00   0.000000E+00   0.000000E+00   0.692355E+06  -0.358429E+07   0.000000E+00  -0.579712E+08  -0.111979E+08  -0.885610E+08   0.000000E+00   0.000000E+00   0.000000E+00   0.000000E+00   0.000000E+00   0.000000E+00   0.000000E+00   0.000000E+00   0.000000E+00   0.000000E+00   0.000000E+00   0.000000E+00   0.358429E+07  -0.692355E+06   0.000000E+00  -0.111979E+08  -0.579712E+08  -0.885610E+08
              7   0.000000E+00   0.000000E+00   0.000000E+00   0.000000E+00   0.000000E+00   0.000000E+00   0.252806E+08  -0.881067E+07  -0.169153E+09  -0.500000E+00   0.531720E+08  -0.463149E+07   0.000000E+00   0.000000E+00   0.000000E+00   0.000000E+00   0.000000E+00   0.000000E+00   0.000000E+00   0.000000E+00   0.000000E+00   0.000000E+00   0.000000E+00   0.000000E+00   0.000000E+00   0.000000E+00   0.000000E+00   0.000000E+00   0.000000E+00   0.000000E+00  -0.105724E+07   0.688192E+06   0.210351E+08  -0.500000E+00   0.108460E+08  -0.354842E+06   0.000000E+00   0.000000E+00   0.000000E+00   0.000000E+00   0.000000E+00   0.000000E+00   0.000000E+00   0.000000E+00   0.000000E+00   0.000000E+00   0.000000E+00   0.000000E+00  -0.222319E+08   0.406124E+07   0.124139E+09   0.000000E+00   0.211630E+08  -0.692355E+06  -0.199152E+07   0.406124E+07   0.239791E+08   0.000000E+00   0.211630E+08  -0.358429E+07   0.000000E+00   0.000000E+00   0.000000E+00   0.000000E+00   0.000000E+00   0.000000E+00   0.000000E+00   0.000000E+00   0.000000E+00   0.000000E+00   0.000000E+00   0.000000E+00
              8   0.000000E+00   0.000000E+00   0.000000E+00   0.000000E+00   0.000000E+00   0.000000E+00  -0.881067E+07   0.252806E+08   0.169153E+09  -0.531720E+08   0.500000E+00  -0.463149E+07   0.000000E+00   0.000000E+00   0.000000E+00   0.000000E+00   0.000000E+00   0.000000E+00   0.000000E+00   0.000000E+00   0.000000E+00   0.000000E+00   0.000000E+00   0.000000E+00   0.000000E+00   0.000000E+00   0.000000E+00   0.000000E+00   0.000000E+00   0.000000E+00   0.688192E+06  -0.105724E+07  -0.210351E+08  -0.108460E+08   0.500000E+00  -0.354842E+06   0.000000E+00   0.000000E+00   0.000000E+00   0.000000E+00   0.000000E+00   0.000000E+00   0.000000E+00   0.000000E+00   0.000000E+00   0.000000E+00   0.000000E+00   0.000000E+00   0.406124E+07  -0.199152E+07  -0.239791E+08  -0.211630E+08   0.000000E+00  -0.358429E+07   0.406124E+07  -0.222319E+08  -0.124139E+09  -0.211630E+08   0.000000E+00  -0.692355E+06   0.000000E+00   0.000000E+00   0.000000E+00   0.000000E+00   0.000000E+00   0.000000E+00   0.000000E+00   0.000000E+00   0.000000E+00   0.000000E+00   0.000000E+00   0.000000E+00
              9   0.000000E+00   0.000000E+00   0.000000E+00   0.000000E+00   0.000000E+00   0.000000E+00  -0.169153E+09   0.169153E+09   0.211166E+10   0.463149E+07   0.463149E+07   0.000000E+00   0.000000E+00   0.000000E+00   0.000000E+00   0.000000E+00   0.000000E+00   0.000000E+00   0.000000E+00   0.000000E+00   0.000000E+00   0.000000E+00   0.000000E+00   0.000000E+00   0.000000E+00   0.000000E+00   0.000000E+00   0.000000E+00   0.000000E+00   0.000000E+00   0.210351E+08  -0.210351E+08  -0.643324E+09   0.354842E+06   0.354842E+06   0.000000E+00   0.000000E+00   0.000000E+00   0.000000E+00   0.000000E+00   0.000000E+00   0.000000E+00   0.000000E+00   0.000000E+00   0.000000E+00   0.000000E+00   0.000000E+00   0.000000E+00   0.124139E+09  -0.239791E+08  -0.734169E+09   0.692355E+06   0.358429E+07   0.000000E+00   0.239791E+08  -0.124139E+09  -0.734169E+09   0.358429E+07   0.692355E+06   0.000000E+00   0.000000E+00   0.000000E+00   0.000000E+00   0.000000E+00   0.000000E+00   0.000000E+00   0.000000E+00   0.000000E+00   0.000000E+00   0.000000E+00   0.000000E+00   0.000000E+00
             10   0.000000E+00   0.000000E+00   0.000000E+00   0.000000E+00   0.000000E+00   0.000000E+00   0.500000E+00  -0.531720E+08   0.463149E+07   0.143488E+10   0.479818E+07   0.920290E+08   0.000000E+00   0.000000E+00   0.000000E+00   0.000000E+00   0.000000E+00   0.000000E+00   0.000000E+00   0.000000E+00   0.000000E+00   0.000000E+00   0.000000E+00   0.000000E+00   0.000000E+00   0.000000E+00   0.000000E+00   0.000000E+00   0.000000E+00   0.000000E+00  -0.500000E+00   0.108460E+08  -0.354842E+06   0.212343E+09   0.314856E+06   0.962399E+07   0.000000E+00   0.000000E+00   0.000000E+00   0.000000E+00   0.000000E+00   0.000000E+00   0.000000E+00   0.000000E+00   0.000000E+00   0.000000E+00   0.000000E+00   0.000000E+00   0.000000E+00   0.211630E+08  -0.692355E+06   0.243905E+09   0.189654E+07   0.579712E+08   0.000000E+00   0.211630E+08  -0.358429E+07   0.253357E+09   0.189654E+07   0.111979E+08   0.000000E+00   0.000000E+00   0.000000E+00   0.000000E+00   0.000000E+00   0.000000E+00   0.000000E+00   0.000000E+00   0.000000E+00   0.000000E+00   0.000000E+00   0.000000E+00
             11   0.000000E+00   0.000000E+00   0.000000E+00   0.000000E+00   0.000000E+00   0.000000E+00   0.531720E+08  -0.500000E+00   0.463149E+07   0.479818E+07   0.143488E+10  -0.920290E+08   0.000000E+00   0.000000E+00   0.000000E+00   0.000000E+00   0.000000E+00   0.000000E+00   0.000000E+00   0.000000E+00   0.000000E+00   0.000000E+00   0.000000E+00   0.000000E+00   0.000000E+00   0.000000E+00   0.000000E+00   0.000000E+00   0.000000E+00   0.000000E+00  -0.108460E+08   0.500000E+00  -0.354842E+06   0.314856E+06   0.212343E+09  -0.962399E+07   0.000000E+00   0.000000E+00   0.000000E+00   0.000000E+00   0.000000E+00   0.000000E+00   0.000000E+00   0.000000E+00   0.000000E+00   0.000000E+00   0.000000E+00   0.000000E+00  -0.211630E+08   0.000000E+00  -0.358429E+07   0.189654E+07   0.253357E+09  -0.111979E+08  -0.211630E+08   0.000000E+00  -0.692355E+06   0.189654E+07   0.243905E+09  -0.579712E+08   0.000000E+00   0.000000E+00   0.000000E+00   0.000000E+00   0.000000E+00   0.000000E+00   0.000000E+00   0.000000E+00   0.000000E+00   0.000000E+00   0.000000E+00   0.000000E+00
             12   0.000000E+00   0.000000E+00   0.000000E+00   0.000000E+00   0.000000E+00   0.000000E+00  -0.463149E+07  -0.463149E+07   0.000000E+00   0.920290E+08  -0.920290E+08   0.304157E+09   0.000000E+00   0.000000E+00   0.000000E+00   0.000000E+00   0.000000E+00   0.000000E+00   0.000000E+00   0.000000E+00   0.000000E+00   0.000000E+00   0.000000E+00   0.000000E+00   0.000000E+00   0.000000E+00   0.000000E+00   0.000000E+00   0.000000E+00   0.000000E+00   0.354842E+06   0.354842E+06   0.000000E+00   0.962399E+07  -0.962399E+07  -0.815073E+08   0.000000E+00   0.000000E+00   0.000000E+00   0.000000E+00   0.000000E+00   0.000000E+00   0.000000E+00   0.000000E+00   0.000000E+00   0.000000E+00   0.000000E+00   0.000000E+00   0.692355E+06   0.358429E+07   0.000000E+00   0.579712E+08  -0.111979E+08  -0.885610E+08   0.358429E+07   0.692355E+06   0.000000E+00   0.111979E+08  -0.579712E+08  -0.885610E+08   0.000000E+00   0.000000E+00   0.000000E+00   0.000000E+00   0.000000E+00   0.000000E+00   0.000000E+00   0.000000E+00   0.000000E+00   0.000000E+00   0.000000E+00   0.000000E+00
             13   0.000000E+00   0.000000E+00   0.000000E+00   0.000000E+00   0.000000E+00   0.000000E+00   0.000000E+00   0.000000E+00   0.000000E+00   0.000000E+00   0.000000E+00   0.000000E+00   0.252806E+08   0.881067E+07  -0.169153E+09   0.500000E+00   0.531720E+08   0.463149E+07   0.000000E+00   0.000000E+00   0.000000E+00   0.000000E+00   0.000000E+00   0.000000E+00   0.000000E+00   0.000000E+00   0.000000E+00   0.000000E+00   0.000000E+00   0.000000E+00   0.000000E+00   0.000000E+00   0.000000E+00   0.000000E+00   0.000000E+00   0.000000E+00  -0.105724E+07  -0.688192E+06   0.210351E+08   0.500000E+00   0.108460E+08   0.354842E+06   0.000000E+00   0.000000E+00   0.000000E+00   0.000000E+00   0.000000E+00   0.000000E+00   0.000000E+00   0.000000E+00   0.000000E+00   0.000000E+00   0.000000E+00   0.000000E+00  -0.199152E+07  -0.406124E+07   0.239791E+08   0.000000E+00   0.211630E+08   0.358429E+07  -0.222319E+08  -0.406124E+07   0.124139E+09   0.000000E+00   0.211630E+08   0.692355E+06   0.000000E+00   0.000000E+00   0.000000E+00   0.000000E+00   0.000000E+00   0.000000E+00
             14   0.000000E+00   0.000000E+00   0.000000E+00   0.000000E+00   0.000000E+00   0.000000E+00   0.000000E+00   0.000000E+00   0.000000E+00   0.000000E+00   0.000000E+00   0.000000E+00   0.881067E+07   0.252806E+08  -0.169153E+09  -0.531720E+08  -0.500000E+00  -0.463149E+07   0.000000E+00   0.000000E+00   0.000000E+00   0.000000E+00   0.000000E+00   0.000000E+00   0.000000E+00   0.000000E+00   0.000000E+00   0.000000E+00   0.000000E+00   0.000000E+00   0.000000E+00   0.000000E+00   0.000000E+00   0.000000E+00   0.000000E+00   0.000000E+00  -0.688192E+06  -0.105724E+07   0.210351E+08  -0.108460E+08  -0.500000E+00  -0.354842E+06   0.000000E+00   0.000000E+00   0.000000E+00   0.000000E+00   0.000000E+00   0.000000E+00   0.000000E+00   0.000000E+00   0.000000E+00   0.000000E+00   0.000000E+00   0.000000E+00  -0.406124E+07  -0.222319E+08   0.124139E+09  -0.211630E+08   0.000000E+00  -0.692355E+06  -0.406124E+07  -0.199152E+07   0.239791E+08  -0.211630E+08   0.000000E+00  -0.358429E+07   0.000000E+00   0.000000E+00   0.000000E+00   0.000000E+00   0.000000E+00   0.000000E+00
             15   0.000000E+00   0.000000E+00   0.000000E+00   0.000000E+00   0.000000E+00   0.000000E+00   0.000000E+00   0.000000E+00   0.000000E+00   0.000000E+00   0.000000E+00   0.000000E+00  -0.169153E+09  -0.169153E+09   0.211166E+10  -0.463149E+07   0.463149E+07   0.000000E+00   0.000000E+00   0.000000E+00   0.000000E+00   0.000000E+00   0.000000E+00   0.000000E+00   0.000000E+00   0.000000E+00   0.000000E+00   0.000000E+00   0.000000E+00   0.000000E+00   0.000000E+00   0.000000E+00   0.000000E+00   0.000000E+00   0.000000E+00   0.000000E+00   0.210351E+08   0.210351E+08  -0.643324E+09  -0.354842E+06   0.354842E+06   0.000000E+00   0.000000E+00   0.000000E+00   0.000000E+00   0.000000E+00   0.000000E+00   0.000000E+00   0.000000E+00   0.000000E+00   0.000000E+00   0.000000E+00   0.000000E+00   0.000000E+00   0.239791E+08   0.124139E+09  -0.734169E+09  -0.358429E+07   0.692355E+06   0.000000E+00   0.124139E+09   0.239791E+08  -0.734169E+09  -0.692355E+06   0.358429E+07   0.000000E+00   0.000000E+00   0.000000E+00   0.000000E+00   0.000000E+00   0.000000E+00   0.000000E+00
             16   0.000000E+00   0.000000E+00   0.000000E+00   0.000000E+00   0.000000E+00   0.000000E+00   0.000000E+00   0.000000E+00   0.000000E+00   0.000000E+00   0.000000E+00   0.000000E+00  -0.500000E+00  -0.531720E+08  -0.463149E+07   0.143488E+10  -0.479818E+07   0.920290E+08   0.000000E+00   0.000000E+00   0.000000E+00   0.000000E+00   0.000000E+00   0.000000E+00   0.000000E+00   0.000000E+00   0.000000E+00   0.000000E+00   0.000000E+00   0.000000E+00   0.000000E+00   0.000000E+00   0.000000E+00   0.000000E+00   0.000000E+00   0.000000E+00   0.500000E+00   0.108460E+08   0.354842E+06   0.212343E+09  -0.314856E+06   0.962399E+07   0.000000E+00   0.000000E+00   0.000000E+00   0.000000E+00   0.000000E+00   0.000000E+00   0.000000E+00   0.000000E+00   0.000000E+00   0.000000E+00   0.000000E+00   0.000000E+00   0.000000E+00   0.211630E+08   0.358429E+07   0.253357E+09  -0.189654E+07   0.111979E+08   0.000000E+00   0.211630E+08   0.692355E+06   0.243905E+09  -0.189654E+07   0.579712E+08   0.000000E+00   0.000000E+00   0.000000E+00   0.000000E+00   0.000000E+00   0.000000E+00
             17   0.000000E+00   0.000000E+00   0.000000E+00   0.000000E+00   0.000000E+00   0.000000E+00   0.000000E+00   0.000000E+00   0.000000E+00   0.000000E+00   0.000000E+00   0.000000E+00   0.531720E+08   0.500000E+00   0.463149E+07  -0.479818E+07   0.143488E+10   0.920290E+08   0.000000E+00   0.000000E+00   0.000000E+00   0.000000E+00   0.000000E+00   0.000000E+00   0.000000E+00   0.000000E+00   0.000000E+00   0.000000E+00   0.000000E+00   0.000000E+00   0.000000E+00   0.000000E+00   0.000000E+00   0.000000E+00   0.000000E+00   0.000000E+00  -0.108460E+08  -0.500000E+00  -0.354842E+06  -0.314856E+06   0.212343E+09   0.962399E+07   0.000000E+00   0.000000E+00   0.000000E+00   0.000000E+00   0.000000E+00   0.000000E+00   0.000000E+00   0.000000E+00   0.000000E+00   0.000000E+00   0.000000E+00   0.000000E+00  -0.211630E+08   0.000000E+00  -0.692355E+06  -0.189654E+07   0.243905E+09   0.579712E+08  -0.211630E+08   0.000000E+00  -0.358429E+07  -0.189654E+07   0.253357E+09   0.111979E+08   0.000000E+00   0.000000E+00   0.000000E+00   0.000000E+00   0.000000E+00   0.000000E+00
             18   0.000000E+00   0.000000E+00   0.000000E+00   0.000000E+00   0.000000E+00   0.000000E+00   0.000000E+00   0.000000E+00   0.000000E+00   0.000000E+00   0.000000E+00   0.000000E+00   0.463149E+07  -0.463149E+07   0.000000E+00   0.920290E+08   0.920290E+08   0.304157E+09   0.000000E+00   0.000000E+00   0.000000E+00   0.000000E+00   0.000000E+00   0.000000E+00   0.000000E+00   0.000000E+00   0.000000E+00   0.000000E+00   0.000000E+00   0.000000E+00   0.000000E+00   0.000000E+00   0.000000E+00   0.000000E+00   0.000000E+00   0.000000E+00  -0.354842E+06   0.354842E+06   0.000000E+00   0.962399E+07   0.962399E+07  -0.815073E+08   0.000000E+00   0.000000E+00   0.000000E+00   0.000000E+00   0.000000E+00   0.000000E+00   0.000000E+00   0.000000E+00   0.000000E+00   0.000000E+00   0.000000E+00   0.000000E+00  -0.358429E+07   0.692355E+06   0.000000E+00   0.111979E+08   0.579712E+08  -0.885610E+08  -0.692355E+06   0.358429E+07   0.000000E+00   0.579712E+08   0.111979E+08  -0.885610E+08   0.000000E+00   0.000000E+00   0.000000E+00   0.000000E+00   0.000000E+00   0.000000E+00
             19   0.000000E+00   0.000000E+00   0.000000E+00   0.000000E+00   0.000000E+00   0.000000E+00   0.000000E+00   0.000000E+00   0.000000E+00   0.000000E+00   0.000000E+00   0.000000E+00   0.000000E+00   0.000000E+00   0.000000E+00   0.000000E+00   0.000000E+00   0.000000E+00   0.252806E+08  -0.881067E+07   0.169153E+09  -0.500000E+00   0.531720E+08   0.463149E+07   0.000000E+00   0.000000E+00   0.000000E+00   0.000000E+00   0.000000E+00   0.000000E+00   0.000000E+00   0.000000E+00   0.000000E+00   0.000000E+00   0.000000E+00   0.000000E+00   0.000000E+00   0.000000E+00   0.000000E+00   0.000000E+00   0.000000E+00   0.000000E+00  -0.105724E+07   0.688192E+06  -0.210351E+08  -0.500000E+00   0.108460E+08   0.354842E+06   0.000000E+00   0.000000E+00   0.000000E+00   0.000000E+00   0.000000E+00   0.000000E+00   0.000000E+00   0.000000E+00   0.000000E+00   0.000000E+00   0.000000E+00   0.000000E+00  -0.222319E+08   0.406124E+07  -0.124139E+09   0.000000E+00   0.211630E+08   0.692355E+06  -0.199152E+07   0.406124E+07  -0.239791E+08   0.000000E+00   0.211630E+08   0.358429E+07
             20   0.000000E+00   0.000000E+00   0.000000E+00   0.000000E+00   0.000000E+00   0.000000E+00   0.000000E+00   0.000000E+00   0.000000E+00   0.000000E+00   0.000000E+00   0.000000E+00   0.000000E+00   0.000000E+00   0.000000E+00   0.000000E+00   0.000000E+00   0.000000E+00  -0.881067E+07   0.252806E+08  -0.169153E+09  -0.531720E+08   0.500000E+00   0.463149E+07   0.000000E+00   0.000000E+00   0.000000E+00   0.000000E+00   0.000000E+00   0.000000E+00   0.000000E+00   0.000000E+00   0.000000E+00   0.000000E+00   0.000000E+00   0.000000E+00   0.000000E+00   0.000000E+00   0.000000E+00   0.000000E+00   0.000000E+00   0.000000E+00   0.688192E+06  -0.105724E+07   0.210351E+08  -0.108460E+08   0.500000E+00   0.354842E+06   0.000000E+00   0.000000E+00   0.000000E+00   0.000000E+00   0.000000E+00   0.000000E+00   0.000000E+00   0.000000E+00   0.000000E+00   0.000000E+00   0.000000E+00   0.000000E+00   0.406124E+07  -0.199152E+07   0.239791E+08  -0.211630E+08   0.000000E+00   0.358429E+07   0.406124E+07  -0.222319E+08   0.124139E+09  -0.211630E+08   0.000000E+00   0.692355E+06
             21   0.000000E+00   0.000000E+00   0.000000E+00   0.000000E+00   0.000000E+00   0.000000E+00   0.000000E+00   0.000000E+00   0.000000E+00   0.000000E+00   0.000000E+00   0.000000E+00   0.000000E+00   0.000000E+00   0.000000E+00   0.000000E+00   0.000000E+00   0.000000E+00   0.169153E+09  -0.169153E+09   0.211166E+10  -0.463149E+07  -0.463149E+07   0.000000E+00   0.000000E+00   0.000000E+00   0.000000E+00   0.000000E+00   0.000000E+00   0.000000E+00   0.000000E+00   0.000000E+00   0.000000E+00   0.000000E+00   0.000000E+00   0.000000E+00   0.000000E+00   0.000000E+00   0.000000E+00   0.000000E+00   0.000000E+00   0.000000E+00  -0.210351E+08   0.210351E+08  -0.643324E+09  -0.354842E+06  -0.354842E+06   0.000000E+00   0.000000E+00   0.000000E+00   0.000000E+00   0.000000E+00   0.000000E+00   0.000000E+00   0.000000E+00   0.000000E+00   0.000000E+00   0.000000E+00   0.000000E+00   0.000000E+00  -0.124139E+09   0.239791E+08  -0.734169E+09  -0.692355E+06  -0.358429E+07   0.000000E+00  -0.239791E+08   0.124139E+09  -0.734169E+09  -0.358429E+07  -0.692355E+06   0.000000E+00
             22   0.000000E+00   0.000000E+00   0.000000E+00   0.000000E+00   0.000000E+00   0.000000E+00   0.000000E+00   0.000000E+00   0.000000E+00   0.000000E+00   0.000000E+00   0.000000E+00   0.000000E+00   0.000000E+00   0.000000E+00   0.000000E+00   0.000000E+00   0.000000E+00   0.500000E+00  -0.531720E+08  -0.463149E+07   0.143488E+10   0.479818E+07  -0.920290E+08   0.000000E+00   0.000000E+00   0.000000E+00   0.000000E+00   0.000000E+00   0.000000E+00   0.000000E+00   0.000000E+00   0.000000E+00   0.000000E+00   0.000000E+00   0.000000E+00   0.000000E+00   0.000000E+00   0.000000E+00   0.000000E+00   0.000000E+00   0.000000E+00  -0.500000E+00   0.108460E+08   0.354842E+06   0.212343E+09   0.314856E+06  -0.962399E+07   0.000000E+00   0.000000E+00   0.000000E+00   0.000000E+00   0.000000E+00   0.000000E+00   0.000000E+00   0.000000E+00   0.000000E+00   0.000000E+00   0.000000E+00   0.000000E+00   0.000000E+00   0.211630E+08   0.692355E+06   0.243905E+09   0.189654E+07  -0.579712E+08   0.000000E+00   0.211630E+08   0.358429E+07   0.253357E+09   0.189654E+07  -0.111979E+08
             23   0.000000E+00   0.000000E+00   0.000000E+00   0.000000E+00   0.000000E+00   0.000000E+00   0.000000E+00   0.000000E+00   0.000000E+00   0.000000E+00   0.000000E+00   0.000000E+00   0.000000E+00   0.000000E+00   0.000000E+00   0.000000E+00   0.000000E+00   0.000000E+00   0.531720E+08  -0.500000E+00  -0.463149E+07   0.479818E+07   0.143488E+10   0.920290E+08   0.000000E+00   0.000000E+00   0.000000E+00   0.000000E+00   0.000000E+00   0.000000E+00   0.000000E+00   0.000000E+00   0.000000E+00   0.000000E+00   0.000000E+00   0.000000E+00   0.000000E+00   0.000000E+00   0.000000E+00   0.000000E+00   0.000000E+00   0.000000E+00  -0.108460E+08   0.500000E+00   0.354842E+06   0.314856E+06   0.212343E+09   0.962399E+07   0.000000E+00   0.000000E+00   0.000000E+00   0.000000E+00   0.000000E+00   0.000000E+00   0.000000E+00   0.000000E+00   0.000000E+00   0.000000E+00   0.000000E+00   0.000000E+00  -0.211630E+08   0.000000E+00   0.358429E+07   0.189654E+07   0.253357E+09   0.111979E+08  -0.211630E+08   0.000000E+00   0.692355E+06   0.189654E+07   0.243905E+09   0.579712E+08
             24   0.000000E+00   0.000000E+00   0.000000E+00   0.000000E+00   0.000000E+00   0.000000E+00   0.000000E+00   0.000000E+00   0.000000E+00   0.000000E+00   0.000000E+00   0.000000E+00   0.000000E+00   0.000000E+00   0.000000E+00   0.000000E+00   0.000000E+00   0.000000E+00   0.463149E+07   0.463149E+07   0.000000E+00  -0.920290E+08   0.920290E+08   0.304157E+09   0.000000E+00   0.000000E+00   0.000000E+00   0.000000E+00   0.000000E+00   0.000000E+00   0.000000E+00   0.000000E+00   0.000000E+00   0.000000E+00   0.000000E+00   0.000000E+00   0.000000E+00   0.000000E+00   0.000000E+00   0.000000E+00   0.000000E+00   0.000000E+00  -0.354842E+06  -0.354842E+06   0.000000E+00  -0.962399E+07   0.962399E+07  -0.815073E+08   0.000000E+00   0.000000E+00   0.000000E+00   0.000000E+00   0.000000E+00   0.000000E+00   0.000000E+00   0.000000E+00   0.000000E+00   0.000000E+00   0.000000E+00   0.000000E+00  -0.692355E+06  -0.358429E+07   0.000000E+00  -0.579712E+08   0.111979E+08  -0.885610E+08  -0.358429E+07  -0.692355E+06   0.000000E+00  -0.111979E+08   0.579712E+08  -0.885610E+08
             25  -0.105724E+07  -0.688192E+06  -0.210351E+08  -0.500000E+00  -0.108460E+08   0.354842E+06   0.000000E+00   0.000000E+00   0.000000E+00   0.000000E+00   0.000000E+00   0.000000E+00   0.000000E+00   0.000000E+00   0.000000E+00   0.000000E+00   0.000000E+00   0.000000E+00   0.000000E+00   0.000000E+00   0.000000E+00   0.000000E+00   0.000000E+00   0.000000E+00   0.348177E+10  -0.113022E+08  -0.126806E+09   0.500000E+00  -0.102559E+09  -0.373751E+09  -0.334919E+10   0.000000E+00   0.000000E+00   0.000000E+00   0.000000E+00   0.000000E+00   0.000000E+00   0.000000E+00   0.000000E+00   0.000000E+00   0.000000E+00   0.000000E+00  -0.915935E+08   0.000000E+00   0.000000E+00   0.000000E+00   0.000000E+00  -0.367840E+09  -0.349024E+08   0.599517E+07   0.183239E+09   0.000000E+00  -0.458564E+08   0.150032E+07   0.000000E+00   0.000000E+00   0.000000E+00   0.000000E+00   0.000000E+00   0.000000E+00   0.000000E+00   0.000000E+00   0.000000E+00   0.000000E+00   0.000000E+00   0.000000E+00  -0.502593E+07   0.599517E+07  -0.353976E+08   0.100000E+01  -0.458564E+08  -0.776654E+07
             26  -0.688192E+06  -0.105724E+07  -0.210351E+08   0.108460E+08   0.500000E+00  -0.354842E+06   0.000000E+00   0.000000E+00   0.000000E+00   0.000000E+00   0.000000E+00   0.000000E+00   0.000000E+00   0.000000E+00   0.000000E+00   0.000000E+00   0.000000E+00   0.000000E+00   0.000000E+00   0.000000E+00   0.000000E+00   0.000000E+00   0.000000E+00   0.000000E+00  -0.113022E+08   0.348177E+10  -0.126806E+09   0.102559E+09  -0.500000E+00   0.373751E+09   0.000000E+00  -0.915935E+08   0.000000E+00   0.000000E+00   0.000000E+00   0.367840E+09   0.000000E+00   0.000000E+00   0.000000E+00   0.000000E+00   0.000000E+00   0.000000E+00   0.000000E+00  -0.334919E+10   0.000000E+00   0.000000E+00   0.000000E+00   0.000000E+00   0.599517E+07  -0.502593E+07  -0.353976E+08   0.458564E+08  -0.100000E+01   0.776654E+07   0.000000E+00   0.000000E+00   0.000000E+00   0.000000E+00   0.000000E+00   0.000000E+00   0.000000E+00   0.000000E+00   0.000000E+00   0.000000E+00   0.000000E+00   0.000000E+00   0.599517E+07  -0.349024E+08   0.183239E+09   0.458564E+08   0.000000E+00  -0.150032E+07
