
This summary file was generated by SubDyn v1.01.01a-bjj on 02-Oct-2014 at 14:06:39.

Unless specified, units are consistent with Input units, [SI] system is advised.
____________________________________________________________________________________________________

Number of nodes (NNodes):    12
Node No. Y2Mesh Node           X (m)           Y (m)           Z (m)
-------- ----------- --------------- --------------- ---------------
       1           9         -5.9390         -5.9390        -43.1270
       2          10          5.9390         -5.9390        -43.1270
       3          11          5.9390          5.9390        -43.1270
       4          12         -5.9390          5.9390        -43.1270
       5           1         -4.0160         -4.0160         15.6510
       6           2          4.0160         -4.0160         15.6510
       7           3          4.0160          4.0160         15.6510
       8           4         -4.0160          4.0160         15.6510
       9           5          0.0000         -4.7918         -8.0609
      10           6          4.7918          0.0000         -8.0609
      11           7          0.0000          4.7918         -8.0609
      12           8         -4.7918          0.0000         -8.0609

Number of elements (NElems):    24
Elem No.    Node_I    Node_J    Prop_I    Prop_J
       1         1         5         2         2
       2         2         6         2         2
       3         3         7         2         2
       4         4         8         2         2
       5         1         9         3         3
       6         9         6         3         3
       7         5         9         3         3
       8         9         2         3         3
       9         2        10         3         3
      10        10         7         3         3
      11         6        10         3         3
      12        10         3         3         3
      13         3        11         3         3
      14        11         8         3         3
      15         7        11         3         3
      16        11         4         3         3
      17         4        12         3         3
      18        12         5         3         3
      19         8        12         3         3
      20        12         1         3         3
      21         5         6         3         3
      22         6         7         3         3
      23         7         8         3         3
      24         8         5         3         3

Number of properties (NProps):     6
Prop No.         YoungE         ShearG        MatDens          XsecD          XsecT
       1   0.210000E+12   0.807690E+11   0.785000E+04   0.800000E+00   0.200000E-01
       2   0.210000E+12   0.807690E+11   0.785000E+04   0.120000E+01   0.500000E-01
       3   0.210000E+12   0.807690E+11   0.785000E+04   0.120000E+01   0.350000E-01
       4   0.210000E+12   0.807690E+11   0.785000E+04   0.120000E+01   0.400000E-01
       5   0.210000E+12   0.807690E+11   0.333912E+04   0.208200E+01   0.491000E+00
       6   0.210000E+12   0.807690E+11   0.785000E+04   0.208200E+01   0.600000E-01

No. of Reaction DOFs:    24
Reaction DOF_ID  LOCK
         1         1
         2         1
         3         1
         4         1
         5         1
         6         1
         7         1
         8         1
         9         1
        10         1
        11         1
        12         1
        13         1
        14         1
        15         1
        16         1
        17         1
        18         1
        19         1
        20         1
        21         1
        22         1
        23         1
        24         1

No. of Interface DOFs:    24
Interface DOF ID  LOCK
        25         1
        26         1
        27         1
        28         1
        29         1
        30         1
        31         1
        32         1
        33         1
        34         1
        35         1
        36         1
        37         1
        38         1
        39         1
        40         1
        41         1
        42         1
        43         1
        44         1
        45         1
        46         1
        47         1
        48         1

Number of concentrated masses (NCMass):     0
JointCMass           Mass            JXX            JYY            JZZ


Number of members    24
Number of nodes per member:     2
Member ID Joint1_ID Joint2_ID           Mass     Node IDs...
        1         1         5   0.834385E+05        1     5
        2         2         6   0.834385E+05        2     6
        3         3         7   0.834385E+05        3     7
        4         4         8   0.834385E+05        4     8
        5         1         9   0.357823E+05        1     9
        6         9         6   0.241962E+05        9     6
        7         5         9   0.241962E+05        5     9
        8         9         2   0.357823E+05        9     2
        9         2        10   0.357823E+05        2    10
       10        10         7   0.241962E+05       10     7
       11         6        10   0.241962E+05        6    10
       12        10         3   0.357823E+05       10     3
       13         3        11   0.357823E+05        3    11
       14        11         8   0.241962E+05       11     8
       15         7        11   0.241962E+05        7    11
       16        11         4   0.357823E+05       11     4
       17         4        12   0.357823E+05        4    12
       18        12         5   0.241962E+05       12     5
       19         8        12   0.241962E+05        8    12
       20        12         1   0.357823E+05       12     1
       21         5         6   0.807676E+04        5     6
       22         6         7   0.807676E+04        6     7
       23         7         8   0.807676E+04        7     8
       24         8         5   0.807676E+04        8     5
____________________________________________________________________________________________________
Direction Cosine Matrices for all Members: GLOBAL-2-LOCAL. No. of 3x3 matrices=    24
Member ID        DC(1,1)        DC(1,2)        DC(1,3)        DC(2,1)        DC(2,2)        DC(2,3)        DC(3,1)        DC(3,2)        DC(3,3)
        1   0.707107E+00  -0.707107E+00   0.000000E+00   0.706351E+00   0.706351E+00  -0.462184E-01   0.326814E-01   0.326814E-01   0.998931E+00
        2   0.707107E+00   0.707107E+00   0.000000E+00  -0.706351E+00   0.706351E+00  -0.462184E-01  -0.326814E-01   0.326814E-01   0.998931E+00
        3  -0.707107E+00   0.707107E+00   0.000000E+00  -0.706351E+00  -0.706351E+00  -0.462184E-01  -0.326814E-01  -0.326814E-01   0.998931E+00
        4  -0.707107E+00  -0.707107E+00   0.000000E+00   0.706351E+00  -0.706351E+00  -0.462184E-01   0.326814E-01  -0.326814E-01   0.998931E+00
        5   0.189658E+00  -0.981850E+00   0.000000E+00   0.967561E+00   0.186898E+00  -0.169986E+00   0.166901E+00   0.322392E-01   0.985447E+00
        6   0.189671E+00  -0.981848E+00   0.000000E+00   0.967558E+00   0.186910E+00  -0.169987E+00   0.166902E+00   0.322416E-01   0.985446E+00
        7  -0.189671E+00  -0.981848E+00   0.000000E+00  -0.967558E+00   0.186910E+00  -0.169987E+00   0.166902E+00  -0.322416E-01  -0.985446E+00
        8  -0.189658E+00  -0.981850E+00   0.000000E+00  -0.967561E+00   0.186898E+00  -0.169986E+00   0.166901E+00  -0.322392E-01  -0.985447E+00
        9   0.981850E+00   0.189658E+00   0.000000E+00  -0.186898E+00   0.967561E+00  -0.169986E+00  -0.322392E-01   0.166901E+00   0.985447E+00
       10   0.981848E+00   0.189671E+00   0.000000E+00  -0.186910E+00   0.967558E+00  -0.169987E+00  -0.322416E-01   0.166902E+00   0.985446E+00
       11   0.981848E+00  -0.189671E+00   0.000000E+00  -0.186910E+00  -0.967558E+00  -0.169987E+00   0.322416E-01   0.166902E+00  -0.985446E+00
       12   0.981850E+00  -0.189658E+00   0.000000E+00  -0.186898E+00  -0.967561E+00  -0.169986E+00   0.322392E-01   0.166901E+00  -0.985447E+00
       13  -0.189658E+00   0.981850E+00   0.000000E+00  -0.967561E+00  -0.186898E+00  -0.169986E+00  -0.166901E+00  -0.322392E-01   0.985447E+00
       14  -0.189671E+00   0.981848E+00   0.000000E+00  -0.967558E+00  -0.186910E+00  -0.169987E+00  -0.166902E+00  -0.322416E-01   0.985446E+00
       15   0.189671E+00   0.981848E+00   0.000000E+00   0.967558E+00  -0.186910E+00  -0.169987E+00  -0.166902E+00   0.322416E-01  -0.985446E+00
       16   0.189658E+00   0.981850E+00   0.000000E+00   0.967561E+00  -0.186898E+00  -0.169986E+00  -0.166901E+00   0.322392E-01  -0.985447E+00
       17  -0.981850E+00  -0.189658E+00   0.000000E+00   0.186898E+00  -0.967561E+00  -0.169986E+00   0.322392E-01  -0.166901E+00   0.985447E+00
       18  -0.981848E+00  -0.189671E+00   0.000000E+00   0.186910E+00  -0.967558E+00  -0.169987E+00   0.322416E-01  -0.166902E+00   0.985446E+00
       19  -0.981848E+00   0.189671E+00   0.000000E+00   0.186910E+00   0.967558E+00  -0.169987E+00  -0.322416E-01  -0.166902E+00  -0.985446E+00
       20  -0.981850E+00   0.189658E+00   0.000000E+00   0.186898E+00   0.967561E+00  -0.169986E+00  -0.322392E-01  -0.166901E+00  -0.985447E+00
       21   0.000000E+00  -0.100000E+01   0.000000E+00   0.000000E+00   0.000000E+00  -0.100000E+01   0.100000E+01   0.000000E+00   0.000000E+00
       22   0.100000E+01   0.000000E+00   0.000000E+00   0.000000E+00   0.000000E+00  -0.100000E+01   0.000000E+00   0.100000E+01   0.000000E+00
       23   0.000000E+00   0.100000E+01   0.000000E+00   0.000000E+00   0.000000E+00  -0.100000E+01  -0.100000E+01   0.000000E+00   0.000000E+00
       24  -0.100000E+01   0.000000E+00   0.000000E+00   0.000000E+00   0.000000E+00  -0.100000E+01   0.000000E+00  -0.100000E+01   0.000000E+00
____________________________________________________________________________________________________
Eigenvalues
__________
FEM Eigenvalues [Hz]. Number of shown eigenvalues (total # of DOFs minus restrained nodes' DOFs):    48
     1   0.177828E+01
     2   0.177828E+01
     3   0.202631E+01
     4   0.203355E+01
     5   0.265998E+01
     6   0.265998E+01
     7   0.280506E+01
     8   0.483723E+01
     9   0.483941E+01
    10   0.492208E+01
    11   0.567517E+01
    12   0.567517E+01
    13   0.599375E+01
    14   0.599375E+01
    15   0.601527E+01
    16   0.631969E+01
    17   0.833353E+01
    18   0.833353E+01
    19   0.858397E+01
    20   0.867184E+01
    21   0.885435E+01
    22   0.885435E+01
    23   0.979258E+01
    24   0.100194E+02
    25   0.100964E+02
    26   0.100964E+02
    27   0.135996E+02
    28   0.162567E+02
    29   0.175719E+02
    30   0.175719E+02
    31   0.177582E+02
    32   0.178811E+02
    33   0.216172E+02
    34   0.300697E+02
    35   0.300697E+02
    36   0.412860E+02
    37   0.419235E+02
    38   0.478160E+02
    39   0.568492E+02
    40   0.568492E+02
    41   0.611127E+02
    42   0.614755E+02
    43   0.614755E+02
    44   0.767705E+02
    45   0.906087E+02
    46   0.974369E+02
    47   0.974369E+02
    48   0.101110E+03
__________
CB Reduced Eigenvalues [Hz].  Number of retained modes' eigenvalues:    24
     1   0.218369E+01
     2   0.218369E+01
     3   0.218369E+01
     4   0.218369E+01
     5   0.643860E+01
     6   0.643860E+01
     7   0.643860E+01
     8   0.643860E+01
     9   0.830059E+01
    10   0.830059E+01
    11   0.830059E+01
    12   0.830059E+01
    13   0.987920E+01
    14   0.987920E+01
    15   0.987920E+01
    16   0.987920E+01
    17   0.175812E+02
    18   0.175812E+02
    19   0.175812E+02
    20   0.175812E+02
    21   0.479677E+02
    22   0.479677E+02
    23   0.479677E+02
    24   0.479677E+02
____________________________________________________________________________________________________
FEM Eigenvectors (72 x 48) [m or rad]. Number of shown eigenvectors (total # of DOFs minus restrained nodes' DOFs):    48
                    1              2              3              4              5              6              7              8              9             10             11             12             13             14             15             16             17             18             19             20             21             22             23             24             25             26             27             28             29             30             31             32             33             34             35             36             37             38             39             40             41             42             43             44             45             46             47             48
     1   0.000000E+00   0.000000E+00   0.000000E+00   0.000000E+00   0.000000E+00   0.000000E+00   0.000000E+00   0.000000E+00   0.000000E+00   0.000000E+00   0.000000E+00   0.000000E+00   0.000000E+00   0.000000E+00   0.000000E+00   0.000000E+00   0.000000E+00   0.000000E+00   0.000000E+00   0.000000E+00   0.000000E+00   0.000000E+00   0.000000E+00   0.000000E+00   0.000000E+00   0.000000E+00   0.000000E+00   0.000000E+00   0.000000E+00   0.000000E+00   0.000000E+00   0.000000E+00   0.000000E+00   0.000000E+00   0.000000E+00   0.000000E+00   0.000000E+00   0.000000E+00   0.000000E+00   0.000000E+00   0.000000E+00   0.000000E+00   0.000000E+00   0.000000E+00   0.000000E+00   0.000000E+00   0.000000E+00   0.000000E+00
     2   0.000000E+00   0.000000E+00   0.000000E+00   0.000000E+00   0.000000E+00   0.000000E+00   0.000000E+00   0.000000E+00   0.000000E+00   0.000000E+00   0.000000E+00   0.000000E+00   0.000000E+00   0.000000E+00   0.000000E+00   0.000000E+00   0.000000E+00   0.000000E+00   0.000000E+00   0.000000E+00   0.000000E+00   0.000000E+00   0.000000E+00   0.000000E+00   0.000000E+00   0.000000E+00   0.000000E+00   0.000000E+00   0.000000E+00   0.000000E+00   0.000000E+00   0.000000E+00   0.000000E+00   0.000000E+00   0.000000E+00   0.000000E+00   0.000000E+00   0.000000E+00   0.000000E+00   0.000000E+00   0.000000E+00   0.000000E+00   0.000000E+00   0.000000E+00   0.000000E+00   0.000000E+00   0.000000E+00   0.000000E+00
     3   0.000000E+00   0.000000E+00   0.000000E+00   0.000000E+00   0.000000E+00   0.000000E+00   0.000000E+00   0.000000E+00   0.000000E+00   0.000000E+00   0.000000E+00   0.000000E+00   0.000000E+00   0.000000E+00   0.000000E+00   0.000000E+00   0.000000E+00   0.000000E+00   0.000000E+00   0.000000E+00   0.000000E+00   0.000000E+00   0.000000E+00   0.000000E+00   0.000000E+00   0.000000E+00   0.000000E+00   0.000000E+00   0.000000E+00   0.000000E+00   0.000000E+00   0.000000E+00   0.000000E+00   0.000000E+00   0.000000E+00   0.000000E+00   0.000000E+00   0.000000E+00   0.000000E+00   0.000000E+00   0.000000E+00   0.000000E+00   0.000000E+00   0.000000E+00   0.000000E+00   0.000000E+00   0.000000E+00   0.000000E+00
     4   0.000000E+00   0.000000E+00   0.000000E+00   0.000000E+00   0.000000E+00   0.000000E+00   0.000000E+00   0.000000E+00   0.000000E+00   0.000000E+00   0.000000E+00   0.000000E+00   0.000000E+00   0.000000E+00   0.000000E+00   0.000000E+00   0.000000E+00   0.000000E+00   0.000000E+00   0.000000E+00   0.000000E+00   0.000000E+00   0.000000E+00   0.000000E+00   0.000000E+00   0.000000E+00   0.000000E+00   0.000000E+00   0.000000E+00   0.000000E+00   0.000000E+00   0.000000E+00   0.000000E+00   0.000000E+00   0.000000E+00   0.000000E+00   0.000000E+00   0.000000E+00   0.000000E+00   0.000000E+00   0.000000E+00   0.000000E+00   0.000000E+00   0.000000E+00   0.000000E+00   0.000000E+00   0.000000E+00   0.000000E+00
     5   0.000000E+00   0.000000E+00   0.000000E+00   0.000000E+00   0.000000E+00   0.000000E+00   0.000000E+00   0.000000E+00   0.000000E+00   0.000000E+00   0.000000E+00   0.000000E+00   0.000000E+00   0.000000E+00   0.000000E+00   0.000000E+00   0.000000E+00   0.000000E+00   0.000000E+00   0.000000E+00   0.000000E+00   0.000000E+00   0.000000E+00   0.000000E+00   0.000000E+00   0.000000E+00   0.000000E+00   0.000000E+00   0.000000E+00   0.000000E+00   0.000000E+00   0.000000E+00   0.000000E+00   0.000000E+00   0.000000E+00   0.000000E+00   0.000000E+00   0.000000E+00   0.000000E+00   0.000000E+00   0.000000E+00   0.000000E+00   0.000000E+00   0.000000E+00   0.000000E+00   0.000000E+00   0.000000E+00   0.000000E+00
     6   0.000000E+00   0.000000E+00   0.000000E+00   0.000000E+00   0.000000E+00   0.000000E+00   0.000000E+00   0.000000E+00   0.000000E+00   0.000000E+00   0.000000E+00   0.000000E+00   0.000000E+00   0.000000E+00   0.000000E+00   0.000000E+00   0.000000E+00   0.000000E+00   0.000000E+00   0.000000E+00   0.000000E+00   0.000000E+00   0.000000E+00   0.000000E+00   0.000000E+00   0.000000E+00   0.000000E+00   0.000000E+00   0.000000E+00   0.000000E+00   0.000000E+00   0.000000E+00   0.000000E+00   0.000000E+00   0.000000E+00   0.000000E+00   0.000000E+00   0.000000E+00   0.000000E+00   0.000000E+00   0.000000E+00   0.000000E+00   0.000000E+00   0.000000E+00   0.000000E+00   0.000000E+00   0.000000E+00   0.000000E+00
     7   0.000000E+00   0.000000E+00   0.000000E+00   0.000000E+00   0.000000E+00   0.000000E+00   0.000000E+00   0.000000E+00   0.000000E+00   0.000000E+00   0.000000E+00   0.000000E+00   0.000000E+00   0.000000E+00   0.000000E+00   0.000000E+00   0.000000E+00   0.000000E+00   0.000000E+00   0.000000E+00   0.000000E+00   0.000000E+00   0.000000E+00   0.000000E+00   0.000000E+00   0.000000E+00   0.000000E+00   0.000000E+00   0.000000E+00   0.000000E+00   0.000000E+00   0.000000E+00   0.000000E+00   0.000000E+00   0.000000E+00   0.000000E+00   0.000000E+00   0.000000E+00   0.000000E+00   0.000000E+00   0.000000E+00   0.000000E+00   0.000000E+00   0.000000E+00   0.000000E+00   0.000000E+00   0.000000E+00   0.000000E+00
     8   0.000000E+00   0.000000E+00   0.000000E+00   0.000000E+00   0.000000E+00   0.000000E+00   0.000000E+00   0.000000E+00   0.000000E+00   0.000000E+00   0.000000E+00   0.000000E+00   0.000000E+00   0.000000E+00   0.000000E+00   0.000000E+00   0.000000E+00   0.000000E+00   0.000000E+00   0.000000E+00   0.000000E+00   0.000000E+00   0.000000E+00   0.000000E+00   0.000000E+00   0.000000E+00   0.000000E+00   0.000000E+00   0.000000E+00   0.000000E+00   0.000000E+00   0.000000E+00   0.000000E+00   0.000000E+00   0.000000E+00   0.000000E+00   0.000000E+00   0.000000E+00   0.000000E+00   0.000000E+00   0.000000E+00   0.000000E+00   0.000000E+00   0.000000E+00   0.000000E+00   0.000000E+00   0.000000E+00   0.000000E+00
     9   0.000000E+00   0.000000E+00   0.000000E+00   0.000000E+00   0.000000E+00   0.000000E+00   0.000000E+00   0.000000E+00   0.000000E+00   0.000000E+00   0.000000E+00   0.000000E+00   0.000000E+00   0.000000E+00   0.000000E+00   0.000000E+00   0.000000E+00   0.000000E+00   0.000000E+00   0.000000E+00   0.000000E+00   0.000000E+00   0.000000E+00   0.000000E+00   0.000000E+00   0.000000E+00   0.000000E+00   0.000000E+00   0.000000E+00   0.000000E+00   0.000000E+00   0.000000E+00   0.000000E+00   0.000000E+00   0.000000E+00   0.000000E+00   0.000000E+00   0.000000E+00   0.000000E+00   0.000000E+00   0.000000E+00   0.000000E+00   0.000000E+00   0.000000E+00   0.000000E+00   0.000000E+00   0.000000E+00   0.000000E+00
    10   0.000000E+00   0.000000E+00   0.000000E+00   0.000000E+00   0.000000E+00   0.000000E+00   0.000000E+00   0.000000E+00   0.000000E+00   0.000000E+00   0.000000E+00   0.000000E+00   0.000000E+00   0.000000E+00   0.000000E+00   0.000000E+00   0.000000E+00   0.000000E+00   0.000000E+00   0.000000E+00   0.000000E+00   0.000000E+00   0.000000E+00   0.000000E+00   0.000000E+00   0.000000E+00   0.000000E+00   0.000000E+00   0.000000E+00   0.000000E+00   0.000000E+00   0.000000E+00   0.000000E+00   0.000000E+00   0.000000E+00   0.000000E+00   0.000000E+00   0.000000E+00   0.000000E+00   0.000000E+00   0.000000E+00   0.000000E+00   0.000000E+00   0.000000E+00   0.000000E+00   0.000000E+00   0.000000E+00   0.000000E+00
    11   0.000000E+00   0.000000E+00   0.000000E+00   0.000000E+00   0.000000E+00   0.000000E+00   0.000000E+00   0.000000E+00   0.000000E+00   0.000000E+00   0.000000E+00   0.000000E+00   0.000000E+00   0.000000E+00   0.000000E+00   0.000000E+00   0.000000E+00   0.000000E+00   0.000000E+00   0.000000E+00   0.000000E+00   0.000000E+00   0.000000E+00   0.000000E+00   0.000000E+00   0.000000E+00   0.000000E+00   0.000000E+00   0.000000E+00   0.000000E+00   0.000000E+00   0.000000E+00   0.000000E+00   0.000000E+00   0.000000E+00   0.000000E+00   0.000000E+00   0.000000E+00   0.000000E+00   0.000000E+00   0.000000E+00   0.000000E+00   0.000000E+00   0.000000E+00   0.000000E+00   0.000000E+00   0.000000E+00   0.000000E+00
    12   0.000000E+00   0.000000E+00   0.000000E+00   0.000000E+00   0.000000E+00   0.000000E+00   0.000000E+00   0.000000E+00   0.000000E+00   0.000000E+00   0.000000E+00   0.000000E+00   0.000000E+00   0.000000E+00   0.000000E+00   0.000000E+00   0.000000E+00   0.000000E+00   0.000000E+00   0.000000E+00   0.000000E+00   0.000000E+00   0.000000E+00   0.000000E+00   0.000000E+00   0.000000E+00   0.000000E+00   0.000000E+00   0.000000E+00   0.000000E+00   0.000000E+00   0.000000E+00   0.000000E+00   0.000000E+00   0.000000E+00   0.000000E+00   0.000000E+00   0.000000E+00   0.000000E+00   0.000000E+00   0.000000E+00   0.000000E+00   0.000000E+00   0.000000E+00   0.000000E+00   0.000000E+00   0.000000E+00   0.000000E+00
    13   0.000000E+00   0.000000E+00   0.000000E+00   0.000000E+00   0.000000E+00   0.000000E+00   0.000000E+00   0.000000E+00   0.000000E+00   0.000000E+00   0.000000E+00   0.000000E+00   0.000000E+00   0.000000E+00   0.000000E+00   0.000000E+00   0.000000E+00   0.000000E+00   0.000000E+00   0.000000E+00   0.000000E+00   0.000000E+00   0.000000E+00   0.000000E+00   0.000000E+00   0.000000E+00   0.000000E+00   0.000000E+00   0.000000E+00   0.000000E+00   0.000000E+00   0.000000E+00   0.000000E+00   0.000000E+00   0.000000E+00   0.000000E+00   0.000000E+00   0.000000E+00   0.000000E+00   0.000000E+00   0.000000E+00   0.000000E+00   0.000000E+00   0.000000E+00   0.000000E+00   0.000000E+00   0.000000E+00   0.000000E+00
    14   0.000000E+00   0.000000E+00   0.000000E+00   0.000000E+00   0.000000E+00   0.000000E+00   0.000000E+00   0.000000E+00   0.000000E+00   0.000000E+00   0.000000E+00   0.000000E+00   0.000000E+00   0.000000E+00   0.000000E+00   0.000000E+00   0.000000E+00   0.000000E+00   0.000000E+00   0.000000E+00   0.000000E+00   0.000000E+00   0.000000E+00   0.000000E+00   0.000000E+00   0.000000E+00   0.000000E+00   0.000000E+00   0.000000E+00   0.000000E+00   0.000000E+00   0.000000E+00   0.000000E+00   0.000000E+00   0.000000E+00   0.000000E+00   0.000000E+00   0.000000E+00   0.000000E+00   0.000000E+00   0.000000E+00   0.000000E+00   0.000000E+00   0.000000E+00   0.000000E+00   0.000000E+00   0.000000E+00   0.000000E+00
    15   0.000000E+00   0.000000E+00   0.000000E+00   0.000000E+00   0.000000E+00   0.000000E+00   0.000000E+00   0.000000E+00   0.000000E+00   0.000000E+00   0.000000E+00   0.000000E+00   0.000000E+00   0.000000E+00   0.000000E+00   0.000000E+00   0.000000E+00   0.000000E+00   0.000000E+00   0.000000E+00   0.000000E+00   0.000000E+00   0.000000E+00   0.000000E+00   0.000000E+00   0.000000E+00   0.000000E+00   0.000000E+00   0.000000E+00   0.000000E+00   0.000000E+00   0.000000E+00   0.000000E+00   0.000000E+00   0.000000E+00   0.000000E+00   0.000000E+00   0.000000E+00   0.000000E+00   0.000000E+00   0.000000E+00   0.000000E+00   0.000000E+00   0.000000E+00   0.000000E+00   0.000000E+00   0.000000E+00   0.000000E+00
    16   0.000000E+00   0.000000E+00   0.000000E+00   0.000000E+00   0.000000E+00   0.000000E+00   0.000000E+00   0.000000E+00   0.000000E+00   0.000000E+00   0.000000E+00   0.000000E+00   0.000000E+00   0.000000E+00   0.000000E+00   0.000000E+00   0.000000E+00   0.000000E+00   0.000000E+00   0.000000E+00   0.000000E+00   0.000000E+00   0.000000E+00   0.000000E+00   0.000000E+00   0.000000E+00   0.000000E+00   0.000000E+00   0.000000E+00   0.000000E+00   0.000000E+00   0.000000E+00   0.000000E+00   0.000000E+00   0.000000E+00   0.000000E+00   0.000000E+00   0.000000E+00   0.000000E+00   0.000000E+00   0.000000E+00   0.000000E+00   0.000000E+00   0.000000E+00   0.000000E+00   0.000000E+00   0.000000E+00   0.000000E+00
    17   0.000000E+00   0.000000E+00   0.000000E+00   0.000000E+00   0.000000E+00   0.000000E+00   0.000000E+00   0.000000E+00   0.000000E+00   0.000000E+00   0.000000E+00   0.000000E+00   0.000000E+00   0.000000E+00   0.000000E+00   0.000000E+00   0.000000E+00   0.000000E+00   0.000000E+00   0.000000E+00   0.000000E+00   0.000000E+00   0.000000E+00   0.000000E+00   0.000000E+00   0.000000E+00   0.000000E+00   0.000000E+00   0.000000E+00   0.000000E+00   0.000000E+00   0.000000E+00   0.000000E+00   0.000000E+00   0.000000E+00   0.000000E+00   0.000000E+00   0.000000E+00   0.000000E+00   0.000000E+00   0.000000E+00   0.000000E+00   0.000000E+00   0.000000E+00   0.000000E+00   0.000000E+00   0.000000E+00   0.000000E+00
    18   0.000000E+00   0.000000E+00   0.000000E+00   0.000000E+00   0.000000E+00   0.000000E+00   0.000000E+00   0.000000E+00   0.000000E+00   0.000000E+00   0.000000E+00   0.000000E+00   0.000000E+00   0.000000E+00   0.000000E+00   0.000000E+00   0.000000E+00   0.000000E+00   0.000000E+00   0.000000E+00   0.000000E+00   0.000000E+00   0.000000E+00   0.000000E+00   0.000000E+00   0.000000E+00   0.000000E+00   0.000000E+00   0.000000E+00   0.000000E+00   0.000000E+00   0.000000E+00   0.000000E+00   0.000000E+00   0.000000E+00   0.000000E+00   0.000000E+00   0.000000E+00   0.000000E+00   0.000000E+00   0.000000E+00   0.000000E+00   0.000000E+00   0.000000E+00   0.000000E+00   0.000000E+00   0.000000E+00   0.000000E+00
    19   0.000000E+00   0.000000E+00   0.000000E+00   0.000000E+00   0.000000E+00   0.000000E+00   0.000000E+00   0.000000E+00   0.000000E+00   0.000000E+00   0.000000E+00   0.000000E+00   0.000000E+00   0.000000E+00   0.000000E+00   0.000000E+00   0.000000E+00   0.000000E+00   0.000000E+00   0.000000E+00   0.000000E+00   0.000000E+00   0.000000E+00   0.000000E+00   0.000000E+00   0.000000E+00   0.000000E+00   0.000000E+00   0.000000E+00   0.000000E+00   0.000000E+00   0.000000E+00   0.000000E+00   0.000000E+00   0.000000E+00   0.000000E+00   0.000000E+00   0.000000E+00   0.000000E+00   0.000000E+00   0.000000E+00   0.000000E+00   0.000000E+00   0.000000E+00   0.000000E+00   0.000000E+00   0.000000E+00   0.000000E+00
    20   0.000000E+00   0.000000E+00   0.000000E+00   0.000000E+00   0.000000E+00   0.000000E+00   0.000000E+00   0.000000E+00   0.000000E+00   0.000000E+00   0.000000E+00   0.000000E+00   0.000000E+00   0.000000E+00   0.000000E+00   0.000000E+00   0.000000E+00   0.000000E+00   0.000000E+00   0.000000E+00   0.000000E+00   0.000000E+00   0.000000E+00   0.000000E+00   0.000000E+00   0.000000E+00   0.000000E+00   0.000000E+00   0.000000E+00   0.000000E+00   0.000000E+00   0.000000E+00   0.000000E+00   0.000000E+00   0.000000E+00   0.000000E+00   0.000000E+00   0.000000E+00   0.000000E+00   0.000000E+00   0.000000E+00   0.000000E+00   0.000000E+00   0.000000E+00   0.000000E+00   0.000000E+00   0.000000E+00   0.000000E+00
    21   0.000000E+00   0.000000E+00   0.000000E+00   0.000000E+00   0.000000E+00   0.000000E+00   0.000000E+00   0.000000E+00   0.000000E+00   0.000000E+00   0.000000E+00   0.000000E+00   0.000000E+00   0.000000E+00   0.000000E+00   0.000000E+00   0.000000E+00   0.000000E+00   0.000000E+00   0.000000E+00   0.000000E+00   0.000000E+00   0.000000E+00   0.000000E+00   0.000000E+00   0.000000E+00   0.000000E+00   0.000000E+00   0.000000E+00   0.000000E+00   0.000000E+00   0.000000E+00   0.000000E+00   0.000000E+00   0.000000E+00   0.000000E+00   0.000000E+00   0.000000E+00   0.000000E+00   0.000000E+00   0.000000E+00   0.000000E+00   0.000000E+00   0.000000E+00   0.000000E+00   0.000000E+00   0.000000E+00   0.000000E+00
    22   0.000000E+00   0.000000E+00   0.000000E+00   0.000000E+00   0.000000E+00   0.000000E+00   0.000000E+00   0.000000E+00   0.000000E+00   0.000000E+00   0.000000E+00   0.000000E+00   0.000000E+00   0.000000E+00   0.000000E+00   0.000000E+00   0.000000E+00   0.000000E+00   0.000000E+00   0.000000E+00   0.000000E+00   0.000000E+00   0.000000E+00   0.000000E+00   0.000000E+00   0.000000E+00   0.000000E+00   0.000000E+00   0.000000E+00   0.000000E+00   0.000000E+00   0.000000E+00   0.000000E+00   0.000000E+00   0.000000E+00   0.000000E+00   0.000000E+00   0.000000E+00   0.000000E+00   0.000000E+00   0.000000E+00   0.000000E+00   0.000000E+00   0.000000E+00   0.000000E+00   0.000000E+00   0.000000E+00   0.000000E+00
    23   0.000000E+00   0.000000E+00   0.000000E+00   0.000000E+00   0.000000E+00   0.000000E+00   0.000000E+00   0.000000E+00   0.000000E+00   0.000000E+00   0.000000E+00   0.000000E+00   0.000000E+00   0.000000E+00   0.000000E+00   0.000000E+00   0.000000E+00   0.000000E+00   0.000000E+00   0.000000E+00   0.000000E+00   0.000000E+00   0.000000E+00   0.000000E+00   0.000000E+00   0.000000E+00   0.000000E+00   0.000000E+00   0.000000E+00   0.000000E+00   0.000000E+00   0.000000E+00   0.000000E+00   0.000000E+00   0.000000E+00   0.000000E+00   0.000000E+00   0.000000E+00   0.000000E+00   0.000000E+00   0.000000E+00   0.000000E+00   0.000000E+00   0.000000E+00   0.000000E+00   0.000000E+00   0.000000E+00   0.000000E+00
    24   0.000000E+00   0.000000E+00   0.000000E+00   0.000000E+00   0.000000E+00   0.000000E+00   0.000000E+00   0.000000E+00   0.000000E+00   0.000000E+00   0.000000E+00   0.000000E+00   0.000000E+00   0.000000E+00   0.000000E+00   0.000000E+00   0.000000E+00   0.000000E+00   0.000000E+00   0.000000E+00   0.000000E+00   0.000000E+00   0.000000E+00   0.000000E+00   0.000000E+00   0.000000E+00   0.000000E+00   0.000000E+00   0.000000E+00   0.000000E+00   0.000000E+00   0.000000E+00   0.000000E+00   0.000000E+00   0.000000E+00   0.000000E+00   0.000000E+00   0.000000E+00   0.000000E+00   0.000000E+00   0.000000E+00   0.000000E+00   0.000000E+00   0.000000E+00   0.000000E+00   0.000000E+00   0.000000E+00   0.000000E+00
    25   0.215377E-01   0.389663E+00  -0.370143E-03  -0.372049E-03  -0.701117E+00  -0.262579E-03  -0.100000E+01   0.255089E-01  -0.255393E-01  -0.169448E+00  -0.373500E-01  -0.763013E-02  -0.578834E-01   0.974171E-03  -0.308614E+00  -0.609831E-01   0.747281E+00   0.252190E-05   0.612754E-03  -0.402282E-03   0.100000E+01   0.210363E+00  -0.693968E-01  -0.307486E+00  -0.356473E-01  -0.226020E+00  -0.100000E+01  -0.100000E+01   0.418906E-02  -0.831852E-02   0.244266E+00  -0.297536E+00  -0.351694E-03   0.158965E+00   0.750157E-02   0.103895E+00   0.199453E+00   0.435817E-01   0.493763E-01  -0.382067E-02  -0.758628E-01   0.422015E-01  -0.327843E+00   0.790961E-01  -0.100000E+01   0.100000E+01  -0.820634E-01   0.100000E+01
    26   0.390259E+00   0.343443E-03   0.370145E-03  -0.372003E-03   0.793824E-01  -0.696608E+00   0.100000E+01   0.255089E-01   0.255392E-01  -0.169448E+00   0.518714E-02  -0.377651E-01  -0.378414E-02   0.577678E-01  -0.308614E+00   0.609831E-01  -0.670932E+00   0.329056E+00  -0.612751E-03  -0.402282E-03   0.210363E+00   0.100000E+01  -0.693968E-01   0.307486E+00  -0.228812E+00  -0.757949E-03   0.100000E+01  -0.100000E+01  -0.831343E-02   0.419897E-02   0.244266E+00   0.297536E+00  -0.351716E-03   0.840466E-01   0.135138E+00  -0.103895E+00   0.199453E+00  -0.435817E-01  -0.284763E-01   0.405179E-01  -0.758629E-01  -0.327840E+00   0.421986E-01  -0.790961E-01  -0.100000E+01  -0.820800E-01   0.100000E+01  -0.100000E+01
    27   0.362867E-02   0.343666E-02  -0.171622E-08   0.140566E-03  -0.982603E-02  -0.110135E-01   0.530656E-08   0.164102E-02   0.320587E-07   0.135020E+00  -0.453185E-02  -0.639634E-02  -0.784265E-01   0.747059E-01  -0.953343E-01  -0.611183E-10   0.664893E-02   0.286567E-01   0.379568E-09   0.348938E-02   0.191745E+00   0.191745E+00  -0.101174E+00   0.806000E-08  -0.986628E-01  -0.846047E-01  -0.393290E-09  -0.170659E+00  -0.284205E-02  -0.283873E-02   0.414069E-01  -0.142499E-08  -0.100000E+01  -0.630133E+00  -0.369867E+00   0.590789E-08  -0.100000E+01  -0.193006E-08   0.168536E+00   0.295926E+00  -0.686276E+00   0.387154E-01   0.387162E-01   0.789556E-10   0.402240E-01  -0.155596E-01  -0.155599E-01   0.509517E-09
    28   0.735933E-02  -0.823108E-05   0.159258E-01  -0.159307E-01  -0.303581E-03   0.277472E-02   0.180784E-01   0.754009E+00   0.755292E+00  -0.667347E-01   0.260008E+00  -0.739852E+00   0.372171E-03   0.228524E-01  -0.106000E+00  -0.566533E-01   0.934930E-01  -0.457107E-01   0.615620E-01   0.619152E-01  -0.389048E-01  -0.180938E+00  -0.489425E-01  -0.105369E+00  -0.168477E-01   0.140964E-03  -0.136886E+00   0.119565E+00   0.162995E-02  -0.998670E-02  -0.183449E-01  -0.260622E-01   0.144414E-02  -0.962726E-02  -0.160275E-01  -0.173110E-01  -0.247547E-01   0.584312E-02   0.202088E-02  -0.294031E-02   0.717430E-02   0.612755E-01  -0.291929E-01   0.327046E-01   0.103882E+00   0.126716E-01  -0.108608E+00   0.117464E+00
    29  -0.391463E-03  -0.734890E-02   0.159258E-01   0.159307E-01  -0.279125E-02  -0.135781E-04   0.180784E-01  -0.754009E+00   0.755292E+00   0.667347E-01   0.784242E+00   0.625167E-04   0.228073E-01   0.148157E-02   0.106000E+00  -0.566533E-01   0.104069E+00  -0.127722E-03   0.615620E-01  -0.619152E-01   0.180938E+00   0.389048E-01   0.489425E-01  -0.105369E+00   0.243027E-02   0.166721E-01  -0.136886E+00  -0.119565E+00   0.998462E-02  -0.164180E-02   0.183449E-01  -0.260622E-01  -0.144413E-02   0.186873E-01   0.592169E-03  -0.173110E-01   0.247547E-01   0.584312E-02   0.355988E-02  -0.238044E-03  -0.717430E-02   0.291932E-01  -0.612758E-01   0.327046E-01  -0.103882E+00   0.108608E+00  -0.126698E-01   0.117464E+00
    30   0.895172E-03  -0.945182E-03   0.381746E-02  -0.564469E-08  -0.170809E-02   0.152392E-02  -0.242989E+00   0.150433E-08  -0.441984E-01   0.612056E-09  -0.611928E-01   0.433514E-01  -0.254846E-03  -0.267538E-03  -0.172509E-09  -0.964739E-02   0.127789E-01  -0.296496E-02  -0.711109E-01   0.265202E-09  -0.145898E-01   0.145898E-01   0.119930E-08  -0.652576E-01   0.274557E-02  -0.320178E-02  -0.232377E+00  -0.789422E-09   0.258239E-01  -0.258549E-01  -0.514526E-10  -0.302930E-01   0.351266E-08  -0.922331E-02   0.157135E-01  -0.100000E+01  -0.422657E-08   0.842562E-01  -0.568532E-01   0.323790E-01   0.195100E-07   0.100000E+01  -0.100000E+01   0.100000E+01  -0.426521E-10   0.152423E+00  -0.152421E+00   0.497854E+00
    31   0.208625E-01   0.389663E+00   0.370145E-03   0.372003E-03  -0.701178E+00   0.267771E-03  -0.100000E+01  -0.255089E-01   0.255392E-01  -0.169448E+00   0.427145E-01  -0.763048E-02  -0.577886E-01  -0.974146E-03  -0.308614E+00  -0.609831E-01   0.747291E+00  -0.260524E-05  -0.612751E-03   0.402282E-03   0.998532E+00   0.203269E+00  -0.693968E-01  -0.307486E+00  -0.341135E-01  -0.226020E+00  -0.100000E+01  -0.100000E+01  -0.440696E-02  -0.842024E-02   0.244266E+00  -0.297536E+00   0.351715E-03   0.150588E+00  -0.750125E-02  -0.103895E+00   0.199453E+00  -0.435817E-01  -0.448435E-01  -0.382095E-02   0.758629E-01   0.238920E-01  -0.325992E+00   0.790961E-01   0.100000E+01  -0.996979E+00  -0.265628E-01  -0.100000E+01
    32   0.390222E+00  -0.330801E-03   0.370143E-03  -0.372049E-03   0.799162E-01  -0.696608E+00  -0.100000E+01   0.255089E-01   0.255393E-01   0.169448E+00  -0.213639E-01   0.377652E-01  -0.183352E-02   0.577678E-01   0.308614E+00  -0.609831E-01  -0.670944E+00   0.329056E+00  -0.612754E-03  -0.402280E-03   0.203269E+00   0.998532E+00   0.693969E-01  -0.307486E+00  -0.228579E+00   0.757853E-03  -0.100000E+01   0.100000E+01  -0.842533E-02  -0.439704E-02  -0.244266E+00  -0.297536E+00  -0.351685E-03   0.668636E-01   0.135138E+00  -0.103895E+00  -0.199453E+00  -0.435817E-01   0.195915E-01  -0.405180E-01  -0.758629E-01  -0.325989E+00   0.238890E-01   0.790961E-01  -0.100000E+01  -0.265460E-01  -0.996981E+00  -0.100000E+01
    33   0.325473E-02  -0.343655E-02   0.172030E-08   0.140566E-03   0.123446E-01  -0.110136E-01  -0.542732E-08   0.164102E-02  -0.317335E-07  -0.135020E+00  -0.902885E-02   0.639640E-02   0.711617E-01   0.747059E-01   0.953343E-01  -0.160779E-09  -0.123509E+00   0.286567E-01  -0.396258E-09   0.348938E-02  -0.125985E+00   0.125985E+00   0.101174E+00  -0.548210E-09  -0.725497E-01   0.846047E-01  -0.602664E-08   0.170659E+00  -0.276901E-02   0.277233E-02  -0.414069E-01  -0.213167E-08  -0.100000E+01   0.217100E+00  -0.369866E+00  -0.561245E-08   0.100000E+01   0.193093E-08   0.519602E+00  -0.295924E+00  -0.686276E+00   0.474228E-01  -0.474228E-01  -0.884019E-10   0.402240E-01  -0.164498E-01   0.164495E-01   0.498849E-09
    34   0.736024E-02   0.846970E-05   0.159258E-01  -0.159307E-01  -0.330935E-03   0.277472E-02  -0.180784E-01   0.754009E+00   0.755292E+00   0.667347E-01  -0.260148E+00   0.739852E+00  -0.259447E-02   0.228524E-01   0.106000E+00   0.566533E-01   0.929130E-01  -0.457107E-01   0.615620E-01   0.619152E-01  -0.358614E-01  -0.180308E+00   0.489425E-01   0.105369E+00  -0.168912E-01  -0.140969E-03   0.136886E+00  -0.119565E+00   0.189049E-02   0.100284E-01   0.183449E-01   0.260622E-01   0.144413E-02  -0.827085E-02  -0.160275E-01  -0.173110E-01   0.247547E-01   0.584312E-02  -0.146731E-02   0.294031E-02   0.717430E-02   0.565777E-01   0.172806E-01  -0.327046E-01   0.103882E+00   0.664603E-02   0.108071E+00   0.117464E+00
    35  -0.408189E-03  -0.734890E-02  -0.159258E-01  -0.159307E-01  -0.279435E-02   0.135990E-04   0.180784E-01   0.754009E+00  -0.755292E+00   0.667347E-01  -0.784289E+00   0.694345E-04   0.229514E-01  -0.148157E-02   0.106000E+00  -0.566533E-01   0.103548E+00   0.127710E-03  -0.615620E-01   0.619152E-01   0.180308E+00   0.358614E-01   0.489425E-01  -0.105369E+00   0.271555E-02   0.166721E-01  -0.136886E+00  -0.119565E+00  -0.100304E-01  -0.187864E-02   0.183449E-01  -0.260622E-01   0.144414E-02   0.180261E-01  -0.592131E-03   0.173110E-01   0.247547E-01  -0.584312E-02  -0.327747E-02  -0.238064E-03   0.717430E-02  -0.172798E-01  -0.565784E-01   0.327046E-01   0.103882E+00  -0.108071E+00  -0.664785E-02  -0.117464E+00
    36  -0.998022E-03  -0.945213E-03  -0.381746E-02  -0.564444E-08  -0.135960E-02  -0.152391E-02  -0.242989E+00   0.150862E-08   0.441984E-01   0.790444E-09   0.307145E-01   0.433510E-01  -0.280863E-03   0.267539E-03  -0.129766E-09  -0.964739E-02   0.687935E-03   0.296496E-02   0.711109E-01   0.225972E-09  -0.222052E-01  -0.222052E-01   0.661638E-09  -0.652576E-01  -0.373380E-02  -0.320178E-02  -0.232377E+00  -0.899782E-09  -0.265051E-01  -0.264741E-01  -0.347794E-10  -0.302930E-01   0.313305E-08  -0.267707E-01  -0.157135E-01   0.100000E+01   0.441448E-08  -0.842562E-01   0.184407E-01   0.323793E-01  -0.151597E-09  -0.816387E+00  -0.816403E+00   0.100000E+01   0.333525E-10  -0.144175E+00  -0.144178E+00  -0.497854E+00
    37   0.215377E-01   0.389663E+00   0.370143E-03   0.372049E-03  -0.701117E+00  -0.262594E-03   0.100000E+01  -0.255089E-01   0.255393E-01   0.169448E+00  -0.373500E-01  -0.763013E-02  -0.578834E-01   0.974168E-03   0.308614E+00   0.609831E-01   0.747281E+00   0.252174E-05  -0.612754E-03   0.402280E-03   0.100000E+01   0.210363E+00   0.693968E-01   0.307486E+00  -0.356473E-01  -0.226020E+00   0.100000E+01   0.100000E+01   0.418906E-02  -0.831852E-02  -0.244266E+00   0.297536E+00   0.351685E-03   0.158965E+00   0.750157E-02  -0.103895E+00  -0.199453E+00  -0.435817E-01   0.493763E-01  -0.382067E-02   0.758629E-01   0.422014E-01  -0.327843E+00  -0.790961E-01   0.100000E+01   0.100000E+01  -0.820634E-01  -0.100000E+01
