
This summary file was generated by SubDyn v1.01.00a-rrd on 01-Jul-2014 at 20:49:36.

Unless specified, units are consistent with Input units, [SI] system is advised.
____________________________________________________________________________________________________

Number of nodes (NNodes):    12
Node No. Y2Mesh Node           X (m)           Y (m)           Z (m)
-------- ----------- --------------- --------------- ---------------
       1           9         -5.9390         -5.9390        -43.1270
       2          10          5.9390         -5.9390        -43.1270
       3          11          5.9390          5.9390        -43.1270
       4          12         -5.9390          5.9390        -43.1270
       5           1         -4.0160         -4.0160         15.6510
       6           2          4.0160         -4.0160         15.6510
       7           3          4.0160          4.0160         15.6510
       8           4         -4.0160          4.0160         15.6510
       9           5          0.0000         -4.7918         -8.0609
      10           6          4.7918          0.0000         -8.0609
      11           7          0.0000          4.7918         -8.0609
      12           8         -4.7918          0.0000         -8.0609

Number of elements (NElems):    24
Elem No.    Node_I    Node_J    Prop_I    Prop_J
       1         1         5         2         2
       2         2         6         2         2
       3         3         7         2         2
       4         4         8         2         2
       5         1         9         3         3
       6         9         6         3         3
       7         5         9         3         3
       8         9         2         3         3
       9         2        10         3         3
      10        10         7         3         3
      11         6        10         3         3
      12        10         3         3         3
      13         3        11         3         3
      14        11         8         3         3
      15         7        11         3         3
      16        11         4         3         3
      17         4        12         3         3
      18        12         5         3         3
      19         8        12         3         3
      20        12         1         3         3
      21         5         6         3         3
      22         6         7         3         3
      23         7         8         3         3
      24         8         5         3         3

Number of properties (NProps):     6
Prop No.         YoungE         ShearG        MatDens          XsecD          XsecT
       1   0.210000E+12   0.807690E+11   0.785000E+04   0.800000E+00   0.200000E-01
       2   0.210000E+12   0.807690E+11   0.785000E+04   0.120000E+01   0.500000E-01
       3   0.210000E+12   0.807690E+11   0.785000E+04   0.120000E+01   0.350000E-01
       4   0.210000E+12   0.807690E+11   0.785000E+04   0.120000E+01   0.400000E-01
       5   0.210000E+12   0.807690E+11   0.333912E+04   0.208200E+01   0.491000E+00
       6   0.210000E+12   0.807690E+11   0.785000E+04   0.208200E+01   0.600000E-01

No. of Reaction DOFs:    24
Reaction DOF_ID  LOCK
         1         1
         2         1
         3         1
         4         1
         5         1
         6         1
         7         1
         8         1
         9         1
        10         1
        11         1
        12         1
        13         1
        14         1
        15         1
        16         1
        17         1
        18         1
        19         1
        20         1
        21         1
        22         1
        23         1
        24         1

No. of Interface DOFs:    24
Interface DOF ID  LOCK
        25         1
        26         1
        27         1
        28         1
        29         1
        30         1
        31         1
        32         1
        33         1
        34         1
        35         1
        36         1
        37         1
        38         1
        39         1
        40         1
        41         1
        42         1
        43         1
        44         1
        45         1
        46         1
        47         1
        48         1

Number of concentrated masses (NCMass):     0
JointCMass           Mass            JXX            JYY            JZZ


Number of members    24
Number of nodes per member:     2
Member ID Joint1_ID Joint2_ID           Mass     Node IDs...
        1         1         5   0.834385E+05        1     5
        2         2         6   0.834385E+05        2     6
        3         3         7   0.834385E+05        3     7
        4         4         8   0.834385E+05        4     8
        5         1         9   0.357823E+05        1     9
        6         9         6   0.241962E+05        9     6
        7         5         9   0.241962E+05        5     9
        8         9         2   0.357823E+05        9     2
        9         2        10   0.357823E+05        2    10
       10        10         7   0.241962E+05       10     7
       11         6        10   0.241962E+05        6    10
       12        10         3   0.357823E+05       10     3
       13         3        11   0.357823E+05        3    11
       14        11         8   0.241962E+05       11     8
       15         7        11   0.241962E+05        7    11
       16        11         4   0.357823E+05       11     4
       17         4        12   0.357823E+05        4    12
       18        12         5   0.241962E+05       12     5
       19         8        12   0.241962E+05        8    12
       20        12         1   0.357823E+05       12     1
       21         5         6   0.807676E+04        5     6
       22         6         7   0.807676E+04        6     7
       23         7         8   0.807676E+04        7     8
       24         8         5   0.807676E+04        8     5
____________________________________________________________________________________________________
Direction Cosine Matrices for all Members: GLOBAL-2-LOCAL. No. of 3x3 matrices=    24
Member ID        DC(1,1)        DC(1,2)        DC(1,3)        DC(2,1)        DC(2,2)        DC(2,3)        DC(3,1)        DC(3,2)        DC(3,3)
        1   0.707107E+00  -0.707107E+00   0.000000E+00   0.706351E+00   0.706351E+00  -0.462184E-01   0.326814E-01   0.326814E-01   0.998931E+00
        2   0.707107E+00   0.707107E+00   0.000000E+00  -0.706351E+00   0.706351E+00  -0.462184E-01  -0.326814E-01   0.326814E-01   0.998931E+00
        3  -0.707107E+00   0.707107E+00   0.000000E+00  -0.706351E+00  -0.706351E+00  -0.462184E-01  -0.326814E-01  -0.326814E-01   0.998931E+00
        4  -0.707107E+00  -0.707107E+00   0.000000E+00   0.706351E+00  -0.706351E+00  -0.462184E-01   0.326814E-01  -0.326814E-01   0.998931E+00
        5   0.189658E+00  -0.981850E+00   0.000000E+00   0.967561E+00   0.186898E+00  -0.169986E+00   0.166901E+00   0.322392E-01   0.985447E+00
        6   0.189671E+00  -0.981848E+00   0.000000E+00   0.967558E+00   0.186910E+00  -0.169987E+00   0.166902E+00   0.322416E-01   0.985446E+00
        7  -0.189671E+00  -0.981848E+00   0.000000E+00  -0.967558E+00   0.186910E+00  -0.169987E+00   0.166902E+00  -0.322416E-01  -0.985446E+00
        8  -0.189658E+00  -0.981850E+00   0.000000E+00  -0.967561E+00   0.186898E+00  -0.169986E+00   0.166901E+00  -0.322392E-01  -0.985447E+00
        9   0.981850E+00   0.189658E+00   0.000000E+00  -0.186898E+00   0.967561E+00  -0.169986E+00  -0.322392E-01   0.166901E+00   0.985447E+00
       10   0.981848E+00   0.189671E+00   0.000000E+00  -0.186910E+00   0.967558E+00  -0.169987E+00  -0.322416E-01   0.166902E+00   0.985446E+00
       11   0.981848E+00  -0.189671E+00   0.000000E+00  -0.186910E+00  -0.967558E+00  -0.169987E+00   0.322416E-01   0.166902E+00  -0.985446E+00
       12   0.981850E+00  -0.189658E+00   0.000000E+00  -0.186898E+00  -0.967561E+00  -0.169986E+00   0.322392E-01   0.166901E+00  -0.985447E+00
       13  -0.189658E+00   0.981850E+00   0.000000E+00  -0.967561E+00  -0.186898E+00  -0.169986E+00  -0.166901E+00  -0.322392E-01   0.985447E+00
       14  -0.189671E+00   0.981848E+00   0.000000E+00  -0.967558E+00  -0.186910E+00  -0.169987E+00  -0.166902E+00  -0.322416E-01   0.985446E+00
       15   0.189671E+00   0.981848E+00   0.000000E+00   0.967558E+00  -0.186910E+00  -0.169987E+00  -0.166902E+00   0.322416E-01  -0.985446E+00
       16   0.189658E+00   0.981850E+00   0.000000E+00   0.967561E+00  -0.186898E+00  -0.169986E+00  -0.166901E+00   0.322392E-01  -0.985447E+00
       17  -0.981850E+00  -0.189658E+00   0.000000E+00   0.186898E+00  -0.967561E+00  -0.169986E+00   0.322392E-01  -0.166901E+00   0.985447E+00
       18  -0.981848E+00  -0.189671E+00   0.000000E+00   0.186910E+00  -0.967558E+00  -0.169987E+00   0.322416E-01  -0.166902E+00   0.985446E+00
       19  -0.981848E+00   0.189671E+00   0.000000E+00   0.186910E+00   0.967558E+00  -0.169987E+00  -0.322416E-01  -0.166902E+00  -0.985446E+00
       20  -0.981850E+00   0.189658E+00   0.000000E+00   0.186898E+00   0.967561E+00  -0.169986E+00  -0.322392E-01  -0.166901E+00  -0.985447E+00
       21   0.000000E+00  -0.100000E+01   0.000000E+00   0.000000E+00   0.000000E+00  -0.100000E+01   0.100000E+01   0.000000E+00   0.000000E+00
       22   0.100000E+01   0.000000E+00   0.000000E+00   0.000000E+00   0.000000E+00  -0.100000E+01   0.000000E+00   0.100000E+01   0.000000E+00
       23   0.000000E+00   0.100000E+01   0.000000E+00   0.000000E+00   0.000000E+00  -0.100000E+01  -0.100000E+01   0.000000E+00   0.000000E+00
       24  -0.100000E+01   0.000000E+00   0.000000E+00   0.000000E+00   0.000000E+00  -0.100000E+01   0.000000E+00  -0.100000E+01   0.000000E+00
____________________________________________________________________________________________________
Eigenvalues
__________
FEM Eigenvalues [Hz]. Number of shown eigenvalues (total # of DOFs minus restrained nodes' DOFs):    48
     1   0.177886E+01
     2   0.177886E+01
     3   0.202689E+01
     4   0.203413E+01
     5   0.266042E+01
     6   0.266042E+01
     7   0.280552E+01
     8   0.483783E+01
     9   0.484000E+01
    10   0.492568E+01
    11   0.567598E+01
    12   0.567598E+01
    13   0.599570E+01
    14   0.599570E+01
    15   0.602197E+01
    16   0.632192E+01
    17   0.833938E+01
    18   0.833938E+01
    19   0.858689E+01
    20   0.867491E+01
    21   0.886734E+01
    22   0.886734E+01
    23   0.979936E+01
    24   0.100288E+02
    25   0.101005E+02
    26   0.101005E+02
    27   0.136137E+02
    28   0.163070E+02
    29   0.175731E+02
    30   0.175731E+02
    31   0.177616E+02
    32   0.178834E+02
    33   0.216172E+02
    34   0.300792E+02
    35   0.300792E+02
    36   0.412866E+02
    37   0.419449E+02
    38   0.478160E+02
    39   0.568526E+02
    40   0.568526E+02
    41   0.611128E+02
    42   0.616319E+02
    43   0.616319E+02
    44   0.770515E+02
    45   0.906087E+02
    46   0.974386E+02
    47   0.974386E+02
    48   0.101110E+03
__________
CB Reduced Eigenvalues [Hz].  Number of retained modes' eigenvalues:    24
     1   0.218438E+01
     2   0.218438E+01
     3   0.218438E+01
     4   0.218438E+01
     5   0.643944E+01
     6   0.643944E+01
     7   0.643944E+01
     8   0.643944E+01
     9   0.830329E+01
    10   0.830329E+01
    11   0.830329E+01
    12   0.830329E+01
    13   0.988106E+01
    14   0.988106E+01
    15   0.988106E+01
    16   0.988106E+01
    17   0.175819E+02
    18   0.175819E+02
    19   0.175819E+02
    20   0.175819E+02
    21   0.479677E+02
    22   0.479677E+02
    23   0.479677E+02
    24   0.479677E+02
____________________________________________________________________________________________________
FEM Eigenvectors (72 x 48) [m or rad]. Number of shown eigenvectors (total # of DOFs minus restrained nodes' DOFs):    48
                    1              2              3              4              5              6              7              8              9             10             11             12             13             14             15             16             17             18             19             20             21             22             23             24             25             26             27             28             29             30             31             32             33             34             35             36             37             38             39             40             41             42             43             44             45             46             47             48
     1   0.000000E+00   0.000000E+00   0.000000E+00   0.000000E+00   0.000000E+00   0.000000E+00   0.000000E+00   0.000000E+00   0.000000E+00   0.000000E+00   0.000000E+00   0.000000E+00   0.000000E+00   0.000000E+00   0.000000E+00   0.000000E+00   0.000000E+00   0.000000E+00   0.000000E+00   0.000000E+00   0.000000E+00   0.000000E+00   0.000000E+00   0.000000E+00   0.000000E+00   0.000000E+00   0.000000E+00   0.000000E+00   0.000000E+00   0.000000E+00   0.000000E+00   0.000000E+00   0.000000E+00   0.000000E+00   0.000000E+00   0.000000E+00   0.000000E+00   0.000000E+00   0.000000E+00   0.000000E+00   0.000000E+00   0.000000E+00   0.000000E+00   0.000000E+00   0.000000E+00   0.000000E+00   0.000000E+00   0.000000E+00
     2   0.000000E+00   0.000000E+00   0.000000E+00   0.000000E+00   0.000000E+00   0.000000E+00   0.000000E+00   0.000000E+00   0.000000E+00   0.000000E+00   0.000000E+00   0.000000E+00   0.000000E+00   0.000000E+00   0.000000E+00   0.000000E+00   0.000000E+00   0.000000E+00   0.000000E+00   0.000000E+00   0.000000E+00   0.000000E+00   0.000000E+00   0.000000E+00   0.000000E+00   0.000000E+00   0.000000E+00   0.000000E+00   0.000000E+00   0.000000E+00   0.000000E+00   0.000000E+00   0.000000E+00   0.000000E+00   0.000000E+00   0.000000E+00   0.000000E+00   0.000000E+00   0.000000E+00   0.000000E+00   0.000000E+00   0.000000E+00   0.000000E+00   0.000000E+00   0.000000E+00   0.000000E+00   0.000000E+00   0.000000E+00
     3   0.000000E+00   0.000000E+00   0.000000E+00   0.000000E+00   0.000000E+00   0.000000E+00   0.000000E+00   0.000000E+00   0.000000E+00   0.000000E+00   0.000000E+00   0.000000E+00   0.000000E+00   0.000000E+00   0.000000E+00   0.000000E+00   0.000000E+00   0.000000E+00   0.000000E+00   0.000000E+00   0.000000E+00   0.000000E+00   0.000000E+00   0.000000E+00   0.000000E+00   0.000000E+00   0.000000E+00   0.000000E+00   0.000000E+00   0.000000E+00   0.000000E+00   0.000000E+00   0.000000E+00   0.000000E+00   0.000000E+00   0.000000E+00   0.000000E+00   0.000000E+00   0.000000E+00   0.000000E+00   0.000000E+00   0.000000E+00   0.000000E+00   0.000000E+00   0.000000E+00   0.000000E+00   0.000000E+00   0.000000E+00
     4   0.000000E+00   0.000000E+00   0.000000E+00   0.000000E+00   0.000000E+00   0.000000E+00   0.000000E+00   0.000000E+00   0.000000E+00   0.000000E+00   0.000000E+00   0.000000E+00   0.000000E+00   0.000000E+00   0.000000E+00   0.000000E+00   0.000000E+00   0.000000E+00   0.000000E+00   0.000000E+00   0.000000E+00   0.000000E+00   0.000000E+00   0.000000E+00   0.000000E+00   0.000000E+00   0.000000E+00   0.000000E+00   0.000000E+00   0.000000E+00   0.000000E+00   0.000000E+00   0.000000E+00   0.000000E+00   0.000000E+00   0.000000E+00   0.000000E+00   0.000000E+00   0.000000E+00   0.000000E+00   0.000000E+00   0.000000E+00   0.000000E+00   0.000000E+00   0.000000E+00   0.000000E+00   0.000000E+00   0.000000E+00
     5   0.000000E+00   0.000000E+00   0.000000E+00   0.000000E+00   0.000000E+00   0.000000E+00   0.000000E+00   0.000000E+00   0.000000E+00   0.000000E+00   0.000000E+00   0.000000E+00   0.000000E+00   0.000000E+00   0.000000E+00   0.000000E+00   0.000000E+00   0.000000E+00   0.000000E+00   0.000000E+00   0.000000E+00   0.000000E+00   0.000000E+00   0.000000E+00   0.000000E+00   0.000000E+00   0.000000E+00   0.000000E+00   0.000000E+00   0.000000E+00   0.000000E+00   0.000000E+00   0.000000E+00   0.000000E+00   0.000000E+00   0.000000E+00   0.000000E+00   0.000000E+00   0.000000E+00   0.000000E+00   0.000000E+00   0.000000E+00   0.000000E+00   0.000000E+00   0.000000E+00   0.000000E+00   0.000000E+00   0.000000E+00
     6   0.000000E+00   0.000000E+00   0.000000E+00   0.000000E+00   0.000000E+00   0.000000E+00   0.000000E+00   0.000000E+00   0.000000E+00   0.000000E+00   0.000000E+00   0.000000E+00   0.000000E+00   0.000000E+00   0.000000E+00   0.000000E+00   0.000000E+00   0.000000E+00   0.000000E+00   0.000000E+00   0.000000E+00   0.000000E+00   0.000000E+00   0.000000E+00   0.000000E+00   0.000000E+00   0.000000E+00   0.000000E+00   0.000000E+00   0.000000E+00   0.000000E+00   0.000000E+00   0.000000E+00   0.000000E+00   0.000000E+00   0.000000E+00   0.000000E+00   0.000000E+00   0.000000E+00   0.000000E+00   0.000000E+00   0.000000E+00   0.000000E+00   0.000000E+00   0.000000E+00   0.000000E+00   0.000000E+00   0.000000E+00
     7   0.000000E+00   0.000000E+00   0.000000E+00   0.000000E+00   0.000000E+00   0.000000E+00   0.000000E+00   0.000000E+00   0.000000E+00   0.000000E+00   0.000000E+00   0.000000E+00   0.000000E+00   0.000000E+00   0.000000E+00   0.000000E+00   0.000000E+00   0.000000E+00   0.000000E+00   0.000000E+00   0.000000E+00   0.000000E+00   0.000000E+00   0.000000E+00   0.000000E+00   0.000000E+00   0.000000E+00   0.000000E+00   0.000000E+00   0.000000E+00   0.000000E+00   0.000000E+00   0.000000E+00   0.000000E+00   0.000000E+00   0.000000E+00   0.000000E+00   0.000000E+00   0.000000E+00   0.000000E+00   0.000000E+00   0.000000E+00   0.000000E+00   0.000000E+00   0.000000E+00   0.000000E+00   0.000000E+00   0.000000E+00
     8   0.000000E+00   0.000000E+00   0.000000E+00   0.000000E+00   0.000000E+00   0.000000E+00   0.000000E+00   0.000000E+00   0.000000E+00   0.000000E+00   0.000000E+00   0.000000E+00   0.000000E+00   0.000000E+00   0.000000E+00   0.000000E+00   0.000000E+00   0.000000E+00   0.000000E+00   0.000000E+00   0.000000E+00   0.000000E+00   0.000000E+00   0.000000E+00   0.000000E+00   0.000000E+00   0.000000E+00   0.000000E+00   0.000000E+00   0.000000E+00   0.000000E+00   0.000000E+00   0.000000E+00   0.000000E+00   0.000000E+00   0.000000E+00   0.000000E+00   0.000000E+00   0.000000E+00   0.000000E+00   0.000000E+00   0.000000E+00   0.000000E+00   0.000000E+00   0.000000E+00   0.000000E+00   0.000000E+00   0.000000E+00
     9   0.000000E+00   0.000000E+00   0.000000E+00   0.000000E+00   0.000000E+00   0.000000E+00   0.000000E+00   0.000000E+00   0.000000E+00   0.000000E+00   0.000000E+00   0.000000E+00   0.000000E+00   0.000000E+00   0.000000E+00   0.000000E+00   0.000000E+00   0.000000E+00   0.000000E+00   0.000000E+00   0.000000E+00   0.000000E+00   0.000000E+00   0.000000E+00   0.000000E+00   0.000000E+00   0.000000E+00   0.000000E+00   0.000000E+00   0.000000E+00   0.000000E+00   0.000000E+00   0.000000E+00   0.000000E+00   0.000000E+00   0.000000E+00   0.000000E+00   0.000000E+00   0.000000E+00   0.000000E+00   0.000000E+00   0.000000E+00   0.000000E+00   0.000000E+00   0.000000E+00   0.000000E+00   0.000000E+00   0.000000E+00
    10   0.000000E+00   0.000000E+00   0.000000E+00   0.000000E+00   0.000000E+00   0.000000E+00   0.000000E+00   0.000000E+00   0.000000E+00   0.000000E+00   0.000000E+00   0.000000E+00   0.000000E+00   0.000000E+00   0.000000E+00   0.000000E+00   0.000000E+00   0.000000E+00   0.000000E+00   0.000000E+00   0.000000E+00   0.000000E+00   0.000000E+00   0.000000E+00   0.000000E+00   0.000000E+00   0.000000E+00   0.000000E+00   0.000000E+00   0.000000E+00   0.000000E+00   0.000000E+00   0.000000E+00   0.000000E+00   0.000000E+00   0.000000E+00   0.000000E+00   0.000000E+00   0.000000E+00   0.000000E+00   0.000000E+00   0.000000E+00   0.000000E+00   0.000000E+00   0.000000E+00   0.000000E+00   0.000000E+00   0.000000E+00
    11   0.000000E+00   0.000000E+00   0.000000E+00   0.000000E+00   0.000000E+00   0.000000E+00   0.000000E+00   0.000000E+00   0.000000E+00   0.000000E+00   0.000000E+00   0.000000E+00   0.000000E+00   0.000000E+00   0.000000E+00   0.000000E+00   0.000000E+00   0.000000E+00   0.000000E+00   0.000000E+00   0.000000E+00   0.000000E+00   0.000000E+00   0.000000E+00   0.000000E+00   0.000000E+00   0.000000E+00   0.000000E+00   0.000000E+00   0.000000E+00   0.000000E+00   0.000000E+00   0.000000E+00   0.000000E+00   0.000000E+00   0.000000E+00   0.000000E+00   0.000000E+00   0.000000E+00   0.000000E+00   0.000000E+00   0.000000E+00   0.000000E+00   0.000000E+00   0.000000E+00   0.000000E+00   0.000000E+00   0.000000E+00
    12   0.000000E+00   0.000000E+00   0.000000E+00   0.000000E+00   0.000000E+00   0.000000E+00   0.000000E+00   0.000000E+00   0.000000E+00   0.000000E+00   0.000000E+00   0.000000E+00   0.000000E+00   0.000000E+00   0.000000E+00   0.000000E+00   0.000000E+00   0.000000E+00   0.000000E+00   0.000000E+00   0.000000E+00   0.000000E+00   0.000000E+00   0.000000E+00   0.000000E+00   0.000000E+00   0.000000E+00   0.000000E+00   0.000000E+00   0.000000E+00   0.000000E+00   0.000000E+00   0.000000E+00   0.000000E+00   0.000000E+00   0.000000E+00   0.000000E+00   0.000000E+00   0.000000E+00   0.000000E+00   0.000000E+00   0.000000E+00   0.000000E+00   0.000000E+00   0.000000E+00   0.000000E+00   0.000000E+00   0.000000E+00
    13   0.000000E+00   0.000000E+00   0.000000E+00   0.000000E+00   0.000000E+00   0.000000E+00   0.000000E+00   0.000000E+00   0.000000E+00   0.000000E+00   0.000000E+00   0.000000E+00   0.000000E+00   0.000000E+00   0.000000E+00   0.000000E+00   0.000000E+00   0.000000E+00   0.000000E+00   0.000000E+00   0.000000E+00   0.000000E+00   0.000000E+00   0.000000E+00   0.000000E+00   0.000000E+00   0.000000E+00   0.000000E+00   0.000000E+00   0.000000E+00   0.000000E+00   0.000000E+00   0.000000E+00   0.000000E+00   0.000000E+00   0.000000E+00   0.000000E+00   0.000000E+00   0.000000E+00   0.000000E+00   0.000000E+00   0.000000E+00   0.000000E+00   0.000000E+00   0.000000E+00   0.000000E+00   0.000000E+00   0.000000E+00
    14   0.000000E+00   0.000000E+00   0.000000E+00   0.000000E+00   0.000000E+00   0.000000E+00   0.000000E+00   0.000000E+00   0.000000E+00   0.000000E+00   0.000000E+00   0.000000E+00   0.000000E+00   0.000000E+00   0.000000E+00   0.000000E+00   0.000000E+00   0.000000E+00   0.000000E+00   0.000000E+00   0.000000E+00   0.000000E+00   0.000000E+00   0.000000E+00   0.000000E+00   0.000000E+00   0.000000E+00   0.000000E+00   0.000000E+00   0.000000E+00   0.000000E+00   0.000000E+00   0.000000E+00   0.000000E+00   0.000000E+00   0.000000E+00   0.000000E+00   0.000000E+00   0.000000E+00   0.000000E+00   0.000000E+00   0.000000E+00   0.000000E+00   0.000000E+00   0.000000E+00   0.000000E+00   0.000000E+00   0.000000E+00
    15   0.000000E+00   0.000000E+00   0.000000E+00   0.000000E+00   0.000000E+00   0.000000E+00   0.000000E+00   0.000000E+00   0.000000E+00   0.000000E+00   0.000000E+00   0.000000E+00   0.000000E+00   0.000000E+00   0.000000E+00   0.000000E+00   0.000000E+00   0.000000E+00   0.000000E+00   0.000000E+00   0.000000E+00   0.000000E+00   0.000000E+00   0.000000E+00   0.000000E+00   0.000000E+00   0.000000E+00   0.000000E+00   0.000000E+00   0.000000E+00   0.000000E+00   0.000000E+00   0.000000E+00   0.000000E+00   0.000000E+00   0.000000E+00   0.000000E+00   0.000000E+00   0.000000E+00   0.000000E+00   0.000000E+00   0.000000E+00   0.000000E+00   0.000000E+00   0.000000E+00   0.000000E+00   0.000000E+00   0.000000E+00
    16   0.000000E+00   0.000000E+00   0.000000E+00   0.000000E+00   0.000000E+00   0.000000E+00   0.000000E+00   0.000000E+00   0.000000E+00   0.000000E+00   0.000000E+00   0.000000E+00   0.000000E+00   0.000000E+00   0.000000E+00   0.000000E+00   0.000000E+00   0.000000E+00   0.000000E+00   0.000000E+00   0.000000E+00   0.000000E+00   0.000000E+00   0.000000E+00   0.000000E+00   0.000000E+00   0.000000E+00   0.000000E+00   0.000000E+00   0.000000E+00   0.000000E+00   0.000000E+00   0.000000E+00   0.000000E+00   0.000000E+00   0.000000E+00   0.000000E+00   0.000000E+00   0.000000E+00   0.000000E+00   0.000000E+00   0.000000E+00   0.000000E+00   0.000000E+00   0.000000E+00   0.000000E+00   0.000000E+00   0.000000E+00
    17   0.000000E+00   0.000000E+00   0.000000E+00   0.000000E+00   0.000000E+00   0.000000E+00   0.000000E+00   0.000000E+00   0.000000E+00   0.000000E+00   0.000000E+00   0.000000E+00   0.000000E+00   0.000000E+00   0.000000E+00   0.000000E+00   0.000000E+00   0.000000E+00   0.000000E+00   0.000000E+00   0.000000E+00   0.000000E+00   0.000000E+00   0.000000E+00   0.000000E+00   0.000000E+00   0.000000E+00   0.000000E+00   0.000000E+00   0.000000E+00   0.000000E+00   0.000000E+00   0.000000E+00   0.000000E+00   0.000000E+00   0.000000E+00   0.000000E+00   0.000000E+00   0.000000E+00   0.000000E+00   0.000000E+00   0.000000E+00   0.000000E+00   0.000000E+00   0.000000E+00   0.000000E+00   0.000000E+00   0.000000E+00
    18   0.000000E+00   0.000000E+00   0.000000E+00   0.000000E+00   0.000000E+00   0.000000E+00   0.000000E+00   0.000000E+00   0.000000E+00   0.000000E+00   0.000000E+00   0.000000E+00   0.000000E+00   0.000000E+00   0.000000E+00   0.000000E+00   0.000000E+00   0.000000E+00   0.000000E+00   0.000000E+00   0.000000E+00   0.000000E+00   0.000000E+00   0.000000E+00   0.000000E+00   0.000000E+00   0.000000E+00   0.000000E+00   0.000000E+00   0.000000E+00   0.000000E+00   0.000000E+00   0.000000E+00   0.000000E+00   0.000000E+00   0.000000E+00   0.000000E+00   0.000000E+00   0.000000E+00   0.000000E+00   0.000000E+00   0.000000E+00   0.000000E+00   0.000000E+00   0.000000E+00   0.000000E+00   0.000000E+00   0.000000E+00
    19   0.000000E+00   0.000000E+00   0.000000E+00   0.000000E+00   0.000000E+00   0.000000E+00   0.000000E+00   0.000000E+00   0.000000E+00   0.000000E+00   0.000000E+00   0.000000E+00   0.000000E+00   0.000000E+00   0.000000E+00   0.000000E+00   0.000000E+00   0.000000E+00   0.000000E+00   0.000000E+00   0.000000E+00   0.000000E+00   0.000000E+00   0.000000E+00   0.000000E+00   0.000000E+00   0.000000E+00   0.000000E+00   0.000000E+00   0.000000E+00   0.000000E+00   0.000000E+00   0.000000E+00   0.000000E+00   0.000000E+00   0.000000E+00   0.000000E+00   0.000000E+00   0.000000E+00   0.000000E+00   0.000000E+00   0.000000E+00   0.000000E+00   0.000000E+00   0.000000E+00   0.000000E+00   0.000000E+00   0.000000E+00
    20   0.000000E+00   0.000000E+00   0.000000E+00   0.000000E+00   0.000000E+00   0.000000E+00   0.000000E+00   0.000000E+00   0.000000E+00   0.000000E+00   0.000000E+00   0.000000E+00   0.000000E+00   0.000000E+00   0.000000E+00   0.000000E+00   0.000000E+00   0.000000E+00   0.000000E+00   0.000000E+00   0.000000E+00   0.000000E+00   0.000000E+00   0.000000E+00   0.000000E+00   0.000000E+00   0.000000E+00   0.000000E+00   0.000000E+00   0.000000E+00   0.000000E+00   0.000000E+00   0.000000E+00   0.000000E+00   0.000000E+00   0.000000E+00   0.000000E+00   0.000000E+00   0.000000E+00   0.000000E+00   0.000000E+00   0.000000E+00   0.000000E+00   0.000000E+00   0.000000E+00   0.000000E+00   0.000000E+00   0.000000E+00
    21   0.000000E+00   0.000000E+00   0.000000E+00   0.000000E+00   0.000000E+00   0.000000E+00   0.000000E+00   0.000000E+00   0.000000E+00   0.000000E+00   0.000000E+00   0.000000E+00   0.000000E+00   0.000000E+00   0.000000E+00   0.000000E+00   0.000000E+00   0.000000E+00   0.000000E+00   0.000000E+00   0.000000E+00   0.000000E+00   0.000000E+00   0.000000E+00   0.000000E+00   0.000000E+00   0.000000E+00   0.000000E+00   0.000000E+00   0.000000E+00   0.000000E+00   0.000000E+00   0.000000E+00   0.000000E+00   0.000000E+00   0.000000E+00   0.000000E+00   0.000000E+00   0.000000E+00   0.000000E+00   0.000000E+00   0.000000E+00   0.000000E+00   0.000000E+00   0.000000E+00   0.000000E+00   0.000000E+00   0.000000E+00
    22   0.000000E+00   0.000000E+00   0.000000E+00   0.000000E+00   0.000000E+00   0.000000E+00   0.000000E+00   0.000000E+00   0.000000E+00   0.000000E+00   0.000000E+00   0.000000E+00   0.000000E+00   0.000000E+00   0.000000E+00   0.000000E+00   0.000000E+00   0.000000E+00   0.000000E+00   0.000000E+00   0.000000E+00   0.000000E+00   0.000000E+00   0.000000E+00   0.000000E+00   0.000000E+00   0.000000E+00   0.000000E+00   0.000000E+00   0.000000E+00   0.000000E+00   0.000000E+00   0.000000E+00   0.000000E+00   0.000000E+00   0.000000E+00   0.000000E+00   0.000000E+00   0.000000E+00   0.000000E+00   0.000000E+00   0.000000E+00   0.000000E+00   0.000000E+00   0.000000E+00   0.000000E+00   0.000000E+00   0.000000E+00
    23   0.000000E+00   0.000000E+00   0.000000E+00   0.000000E+00   0.000000E+00   0.000000E+00   0.000000E+00   0.000000E+00   0.000000E+00   0.000000E+00   0.000000E+00   0.000000E+00   0.000000E+00   0.000000E+00   0.000000E+00   0.000000E+00   0.000000E+00   0.000000E+00   0.000000E+00   0.000000E+00   0.000000E+00   0.000000E+00   0.000000E+00   0.000000E+00   0.000000E+00   0.000000E+00   0.000000E+00   0.000000E+00   0.000000E+00   0.000000E+00   0.000000E+00   0.000000E+00   0.000000E+00   0.000000E+00   0.000000E+00   0.000000E+00   0.000000E+00   0.000000E+00   0.000000E+00   0.000000E+00   0.000000E+00   0.000000E+00   0.000000E+00   0.000000E+00   0.000000E+00   0.000000E+00   0.000000E+00   0.000000E+00
    24   0.000000E+00   0.000000E+00   0.000000E+00   0.000000E+00   0.000000E+00   0.000000E+00   0.000000E+00   0.000000E+00   0.000000E+00   0.000000E+00   0.000000E+00   0.000000E+00   0.000000E+00   0.000000E+00   0.000000E+00   0.000000E+00   0.000000E+00   0.000000E+00   0.000000E+00   0.000000E+00   0.000000E+00   0.000000E+00   0.000000E+00   0.000000E+00   0.000000E+00   0.000000E+00   0.000000E+00   0.000000E+00   0.000000E+00   0.000000E+00   0.000000E+00   0.000000E+00   0.000000E+00   0.000000E+00   0.000000E+00   0.000000E+00   0.000000E+00   0.000000E+00   0.000000E+00   0.000000E+00   0.000000E+00   0.000000E+00   0.000000E+00   0.000000E+00   0.000000E+00   0.000000E+00   0.000000E+00   0.000000E+00
    25  -0.240001E-01   0.387756E+00  -0.370316E-03  -0.372183E-03   0.689740E-01  -0.706521E+00   0.100000E+01   0.255105E-01  -0.255410E-01   0.167495E+00  -0.281365E-03  -0.425416E-01  -0.249556E-02   0.612769E-01  -0.311664E+00   0.593793E-01  -0.100000E+01   0.488694E+00   0.612944E-03  -0.402145E-03   0.725259E+00   0.216946E-02  -0.699054E-01  -0.303318E+00  -0.239500E+00  -0.799598E-03   0.100000E+01  -0.100000E+01   0.109586E-02  -0.551612E-02   0.252152E+00  -0.298207E+00  -0.351722E-03   0.423030E-01   0.164948E+00   0.103899E+00  -0.199993E+00   0.435808E-01   0.227700E-01  -0.471427E-01   0.758629E-01   0.738563E-01  -0.275501E+00  -0.789917E-01   0.100000E+01  -0.935753E+00  -0.539316E+00  -0.100000E+01
    26  -0.388499E+00   0.337738E-03   0.370315E-03  -0.372214E-03  -0.709878E+00  -0.268230E-03  -0.100000E+01   0.255106E-01   0.255410E-01   0.167495E+00  -0.416488E-01  -0.863153E-02  -0.613195E-01   0.100085E-02  -0.311664E+00  -0.593793E-01   0.488692E+00  -0.100000E+01  -0.612945E-03  -0.402145E-03   0.385971E+00   0.614029E+00  -0.699054E-01   0.303318E+00  -0.191724E-01  -0.238733E+00  -0.100000E+01  -0.100000E+01   0.551913E-02  -0.110166E-02   0.252152E+00   0.298207E+00  -0.351706E-03   0.170040E+00   0.915841E-02  -0.103899E+00  -0.199993E+00  -0.435808E-01  -0.521084E-01   0.505152E-02   0.758629E-01   0.275550E+00  -0.739053E-01   0.789917E-01   0.100000E+01  -0.539286E+00  -0.935750E+00   0.100000E+01
    27  -0.363119E-02   0.341635E-02   0.113665E-08   0.140700E-03  -0.101318E-01  -0.111733E-01  -0.268943E-08   0.163863E-02  -0.208122E-07  -0.135145E+00  -0.589420E-02  -0.719351E-02  -0.785197E-01   0.766281E-01  -0.944265E-01  -0.349038E-08  -0.441659E-01  -0.441657E-01  -0.212658E-09   0.349230E-02   0.176143E+00   0.976746E-01  -0.100909E+00   0.416998E-08  -0.972903E-01  -0.900915E-01   0.322446E-08  -0.171130E+00   0.461659E-02  -0.461854E-02   0.428321E-01  -0.125084E-08  -0.100000E+01  -0.549471E+00  -0.450529E+00  -0.882080E-09   0.100000E+01   0.883729E-09  -0.240127E+00  -0.344505E+00   0.686276E+00  -0.463456E-01   0.463456E-01  -0.149451E-10  -0.402240E-01   0.250006E-01   0.250011E-01   0.839051E-12
    28  -0.727649E-02  -0.846763E-05   0.159325E-01  -0.159374E-01   0.283564E-02   0.135169E-04  -0.179938E-01   0.753975E+00   0.755258E+00   0.663965E-01  -0.849449E+00  -0.746710E-04  -0.230029E-01  -0.151562E-02  -0.107491E+00   0.564271E-01  -0.679311E-01   0.138371E+00   0.615656E-01   0.619192E-01  -0.701884E-01  -0.110661E+00  -0.490053E-01  -0.104704E+00  -0.127844E-02  -0.185305E-01   0.137062E+00   0.119607E+00   0.474966E-02  -0.886901E-02  -0.192535E-01  -0.261708E-01   0.144424E-02  -0.201206E-01  -0.722226E-03  -0.173116E-01   0.248404E-01   0.584324E-02   0.382556E-02  -0.385062E-03  -0.717428E-02  -0.442635E-01  -0.500770E-02  -0.326933E-01  -0.103882E+00   0.548672E-01   0.992969E-01  -0.117464E+00
    29   0.434750E-03  -0.726349E-02   0.159325E-01   0.159374E-01   0.263133E-03  -0.282344E-02  -0.179938E-01  -0.753975E+00   0.755258E+00  -0.663965E-01  -0.166767E+00   0.833096E+00  -0.954339E-03  -0.230330E-01   0.107491E+00   0.564271E-01  -0.138371E+00   0.679315E-01   0.615656E-01  -0.619192E-01   0.131039E+00   0.924143E-03   0.490053E-01  -0.104704E+00   0.185740E-01  -0.147047E-03   0.137062E+00  -0.119607E+00  -0.887023E-02   0.475665E-02   0.192535E-01  -0.261708E-01  -0.144424E-02   0.465120E-02   0.195890E-01  -0.173116E-01  -0.248404E-01   0.584324E-02   0.168500E-02  -0.345608E-02   0.717428E-02  -0.501967E-02  -0.442516E-01  -0.326933E-01   0.103882E+00  -0.992973E-01  -0.548705E-01  -0.117464E+00
    30  -0.880243E-03  -0.935593E-03   0.381981E-02   0.373605E-08   0.169712E-02  -0.153893E-02   0.243032E+00  -0.989750E-09  -0.441983E-01   0.698172E-09   0.593399E-01  -0.486426E-01   0.254013E-03   0.260284E-03   0.151711E-09   0.930647E-02  -0.139709E-01   0.139709E-01  -0.711687E-01  -0.200182E-09  -0.617573E-02   0.111371E-01  -0.105231E-08  -0.643660E-01  -0.322198E-02   0.347944E-02   0.232473E+00   0.777607E-09  -0.912023E-02  -0.910205E-02   0.568068E-10  -0.307775E-01  -0.288619E-08   0.156588E-01  -0.190977E-01  -0.100000E+01  -0.329333E-08   0.842627E-01  -0.519994E-01   0.362463E-01   0.137308E-07  -0.544541E+00  -0.544277E+00  -0.100000E+01  -0.482575E-10  -0.557267E-01   0.557220E-01  -0.497856E+00
    31  -0.233276E-01   0.387756E+00   0.370315E-03   0.372214E-03   0.695133E-01  -0.706521E+00   0.100000E+01  -0.255106E-01   0.255410E-01   0.167495E+00  -0.173200E-01   0.425414E-01  -0.492963E-03   0.612769E-01  -0.311664E+00   0.593793E-01  -0.999952E+00   0.488597E+00  -0.612945E-03   0.402145E-03   0.722549E+00  -0.216989E-02  -0.699054E-01  -0.303318E+00  -0.239377E+00   0.799504E-03   0.100000E+01  -0.100000E+01   0.970616E-02  -0.111147E-01   0.252152E+00  -0.298207E+00   0.351708E-03   0.236242E-01   0.164948E+00  -0.103899E+00  -0.199993E+00  -0.435808E-01  -0.120137E-01   0.471414E-01  -0.758629E-01   0.900631E-01  -0.280283E+00  -0.789917E-01  -0.100000E+01   0.100000E+01   0.644386E+00   0.100000E+01
    32  -0.388458E+00  -0.333554E-03   0.370316E-03  -0.372183E-03  -0.709931E+00   0.268423E-03   0.100000E+01   0.255105E-01   0.255410E-01  -0.167495E+00   0.451057E-01  -0.863075E-02  -0.612707E-01  -0.100116E-02   0.311664E+00   0.593793E-01   0.488594E+00  -0.999952E+00  -0.612944E-03  -0.402146E-03   0.380855E+00   0.614029E+00   0.699053E-01  -0.303318E+00  -0.175685E-01  -0.238733E+00   0.100000E+01   0.100000E+01   0.111117E-01  -0.971197E-02  -0.252152E+00  -0.298207E+00  -0.351731E-03   0.166379E+00  -0.915828E-02  -0.103899E+00   0.199993E+00  -0.435808E-01   0.483853E-01   0.504021E-02   0.758629E-01   0.280329E+00  -0.901093E-01  -0.789917E-01   0.100000E+01   0.644356E+00   0.100000E+01   0.100000E+01
    33  -0.321420E-02  -0.341632E-02  -0.113665E-08   0.140700E-03  -0.123219E-01   0.111733E-01  -0.268944E-08   0.163863E-02   0.208122E-07   0.135145E+00   0.877531E-02  -0.719338E-02  -0.747825E-01  -0.766285E-01   0.944265E-01  -0.349038E-08   0.128578E+00  -0.128578E+00   0.212653E-09   0.349230E-02  -0.541625E-01   0.976747E-01   0.100909E+00   0.416994E-08   0.834252E-01  -0.900914E-01   0.322445E-08   0.171130E+00   0.980910E-03   0.978955E-03  -0.428321E-01  -0.125083E-08  -0.100000E+01  -0.369402E+00   0.450528E+00   0.882083E-09  -0.100000E+01  -0.883729E-09   0.494349E+00  -0.344587E+00   0.686276E+00  -0.252371E-01  -0.252248E-01  -0.149416E-10  -0.402240E-01   0.602786E-02  -0.602734E-02  -0.838826E-12
    34  -0.727753E-02   0.854592E-05   0.159325E-01  -0.159374E-01   0.283829E-02  -0.135185E-04   0.179938E-01   0.753975E+00   0.755258E+00  -0.663965E-01   0.849476E+00  -0.594548E-04  -0.230768E-01   0.151550E-02   0.107491E+00  -0.564271E-01  -0.671019E-01   0.137966E+00   0.615656E-01   0.619192E-01  -0.680093E-01  -0.110661E+00   0.490053E-01   0.104704E+00  -0.157341E-02  -0.185305E-01  -0.137062E+00  -0.119607E+00  -0.824965E-02   0.111448E-01   0.192535E-01   0.261708E-01   0.144424E-02  -0.198320E-01   0.722211E-03  -0.173116E-01  -0.248404E-01   0.584324E-02  -0.354175E-02  -0.384233E-03  -0.717428E-02  -0.559370E-01   0.345723E-01   0.326933E-01  -0.103882E+00  -0.735521E-01  -0.110723E+00  -0.117464E+00
    35   0.451795E-03  -0.726349E-02  -0.159325E-01  -0.159374E-01   0.290298E-03  -0.282344E-02  -0.179938E-01   0.753975E+00  -0.755258E+00  -0.663965E-01   0.166904E+00  -0.833096E+00   0.207769E-02  -0.230330E-01   0.107491E+00   0.564271E-01  -0.137966E+00   0.671023E-01  -0.615656E-01   0.619192E-01   0.129885E+00  -0.924218E-03   0.490053E-01  -0.104704E+00   0.185966E-01   0.147050E-03   0.137062E+00  -0.119607E+00   0.111435E-01  -0.825664E-02   0.192535E-01  -0.261708E-01   0.144424E-02   0.317821E-02   0.195890E-01   0.173116E-01  -0.248404E-01  -0.584324E-02  -0.865035E-03   0.345599E-02  -0.717428E-02   0.345671E-01  -0.559318E-01  -0.326933E-01  -0.103882E+00   0.110722E+00   0.735553E-01   0.117464E+00
    36   0.994437E-03  -0.935603E-03  -0.381981E-02   0.373577E-08  -0.139547E-02  -0.153893E-02   0.243032E+00  -0.993966E-09   0.441983E-01   0.705690E-09   0.398574E-01   0.486435E-01  -0.266707E-03   0.260282E-03   0.146482E-09   0.930647E-02  -0.479892E-02  -0.479890E-02   0.711687E-01  -0.162707E-09  -0.200842E-01  -0.111371E-01  -0.769743E-09  -0.643660E-01  -0.375747E-02  -0.347944E-02   0.232473E+00   0.884093E-09   0.429237E-01  -0.429419E-01   0.418194E-10  -0.307775E-01  -0.250821E-08  -0.232919E-01  -0.190977E-01   0.100000E+01   0.347515E-08  -0.842627E-01  -0.252583E-01  -0.362376E-01  -0.184715E-09   0.100000E+01  -0.100000E+01  -0.100000E+01   0.276101E-10   0.231127E+00   0.231132E+00   0.497856E+00
    37  -0.240001E-01   0.387756E+00   0.370316E-03   0.372183E-03   0.689740E-01  -0.706521E+00  -0.100000E+01  -0.255105E-01   0.255410E-01  -0.167495E+00  -0.281365E-03  -0.425416E-01  -0.249556E-02   0.612769E-01   0.311664E+00  -0.593793E-01  -0.100000E+01   0.488694E+00  -0.612944E-03   0.402146E-03   0.725259E+00   0.216946E-02   0.699054E-01   0.303318E+00  -0.239500E+00  -0.799608E-03  -0.100000E+01   0.100000E+01   0.109586E-02  -0.551612E-02  -0.252152E+00   0.298207E+00   0.351731E-03   0.423030E-01   0.164948E+00  -0.103899E+00   0.199993E+00  -0.435808E-01   0.227700E-01  -0.471427E-01  -0.758629E-01   0.738563E-01  -0.275501E+00   0.789917E-01  -0.100000E+01  -0.935753E+00  -0.539316E+00   0.100000E+01
